0.119597 74.798651 130.502652 1.025000 
0.162768 74.650245 154.274381 1.024849 
0.162690 74.662192 154.350482 1.024861 
0.162471 74.655745 154.423275 1.024804 
0.162797 74.654102 154.500912 1.024836 
0.162935 74.655490 154.583304 1.024626 
0.162857 74.650304 154.657705 1.024791 
0.162965 74.650783 154.730623 1.024644 
0.162552 74.652949 154.813461 1.024683 
0.162926 74.650833 154.888717 1.024769 
0.162914 74.650562 154.967485 1.024644 
0.162727 74.653589 155.040597 1.024683 
0.162895 74.644507 155.115594 1.024672 
0.162802 74.640642 155.188098 1.024905 
0.162754 74.641235 155.260124 1.024777 
0.163015 74.639398 155.339709 1.024751 
0.162911 74.641488 155.406301 1.024906 
0.162714 74.642742 155.489593 1.024957 
0.162940 74.635305 155.565518 1.024771 
0.163010 74.639490 155.639663 1.024927 
0.162890 74.634771 155.713713 1.024892 
0.163029 74.631545 155.786566 1.024775 
0.162970 74.630173 155.859676 1.024879 
0.163223 74.629348 155.932288 1.024873 
0.163077 74.632016 156.003611 1.024903 
0.163272 74.635282 156.085624 1.024892 
0.163266 74.632465 156.146904 1.024839 
0.163157 74.630084 156.214225 1.024783 
0.163377 74.627110 156.276973 1.024852 
0.163367 74.632892 156.354875 1.024789 
0.163452 74.628183 156.420217 1.024869 
0.163684 74.631270 156.494099 1.024830 
0.163597 74.625413 156.554458 1.024768 
0.163481 74.625573 156.623194 1.024864 
0.163778 74.635947 156.694325 1.024847 
0.163785 74.628286 156.769732 1.024681 
0.163769 74.629369 156.829510 1.024860 
0.164021 74.633407 156.896566 1.024727 
0.163667 74.629627 156.971141 1.024783 
0.164102 74.625127 157.036894 1.024964 
0.163948 74.627887 157.107238 1.024773 
0.163991 74.623672 157.176041 1.024879 
0.164287 74.622225 157.237347 1.024760 
0.164006 74.628728 157.307213 1.024594 
0.164334 74.626929 157.376219 1.024601 
0.164145 74.631436 157.436358 1.024709 
0.164244 74.642570 157.506604 1.024668 
0.164343 74.642147 157.559631 1.024607 
0.164284 74.639169 157.629090 1.024655 
0.164246 74.639661 157.696754 1.024587 
0.164341 74.643838 157.753315 1.024591 
0.164412 74.642219 157.825098 1.024564 
0.164173 74.639723 157.881854 1.024591 
0.164496 74.643950 157.947904 1.024602 
0.164285 74.643270 158.015075 1.024704 
0.164360 74.646530 158.077174 1.024849 
0.164220 74.645606 158.126658 1.024836 
0.164288 74.641954 158.190649 1.024971 
0.164041 74.645758 158.256172 1.024895 
0.164297 74.642223 158.318277 1.024907 
0.164080 74.641130 158.369302 1.024849 
0.164188 74.648754 158.434970 1.024881 
0.164045 74.639675 158.490774 1.024841 
0.163975 74.641649 158.547244 1.024915 
0.163879 74.635823 158.609367 1.024835 
0.163894 74.638378 158.664008 1.024673 
0.164110 74.637203 158.720467 1.024800 
0.164086 74.636417 158.768204 1.024866 
0.163929 74.645391 158.822279 1.024871 
0.163982 74.642493 158.870150 1.024901 
0.164010 74.644845 158.918239 1.024983 
0.163841 74.646357 158.978962 1.024825 
0.163678 74.646472 159.019875 1.024926 
0.163984 74.645219 159.073097 1.024866 
0.163939 74.645728 159.129079 1.024945 
0.163639 74.652431 159.176464 1.024766 
0.164006 74.650725 159.218423 1.024677 
0.163774 74.647059 159.277577 1.024750 
0.163822 74.646367 159.321817 1.024838 
0.163749 74.647941 159.369497 1.024759 
0.164017 74.648739 159.425316 1.024828 
0.163586 74.644765 159.472556 1.025019 
0.163679 74.647747 159.516818 1.024757 
0.163712 74.650308 159.563155 1.024578 
0.163850 74.650220 159.620622 1.025046 
0.163749 74.651897 159.667346 1.024710 
0.163759 74.651779 159.710432 1.024839 
0.163582 74.658290 159.776392 1.024673 
0.163717 74.655356 159.814804 1.024895 
0.163607 74.660377 159.868505 1.024598 
0.163736 74.657335 159.921001 1.024767 
0.163645 74.656862 159.975426 1.024776 
0.163741 74.663906 160.031442 1.024711 
0.163675 74.664707 160.071851 1.024812 
0.163400 74.664167 160.122888 1.024818 
0.163550 74.670356 160.182811 1.024705 
0.163616 74.661924 160.234539 1.024794 
0.163525 74.671574 160.286323 1.024865 
0.163539 74.666123 160.345508 1.024779 
0.163511 74.669713 160.392938 1.024756 
0.163489 74.663479 160.451982 1.024811 
0.163468 74.670738 160.501431 1.024724 
0.163584 74.674950 160.546012 1.024676 
0.163606 74.676602 160.601606 1.024497 
0.163433 74.666456 160.658083 1.024828 
0.163367 74.673603 160.711736 1.024562 
0.163253 74.677811 160.774037 1.024805 
0.163417 74.676443 160.815818 1.024534 
0.163472 74.680318 160.872302 1.024692 
0.163362 74.673908 160.926806 1.024707 
0.163436 74.683849 160.982517 1.024901 
0.163181 74.686011 161.034679 1.024706 
0.163393 74.679407 161.086432 1.024847 
0.163437 74.687959 161.133694 1.024894 
0.163181 74.677647 161.189205 1.024791 
0.163571 74.683982 161.237124 1.024664 
0.163374 74.696049 161.287322 1.024888 
0.163403 74.692557 161.340049 1.024885 
0.163606 74.692783 161.381905 1.024807 
0.163403 74.687859 161.437731 1.024833 
0.163458 74.687286 161.484006 1.024605 
0.163408 74.695939 161.538592 1.024811 
0.163406 74.696847 161.586650 1.024633 
0.163681 74.696861 161.625717 1.024659 
0.163250 74.693588 161.682280 1.024751 
0.163377 74.706823 161.720142 1.024675 
0.163398 74.696538 161.756825 1.024706 
0.163514 74.695941 161.817697 1.024826 
0.163365 74.694599 161.858612 1.024682 
0.163410 74.698794 161.904906 1.024732 
0.163553 74.697902 161.957786 1.024760 
0.163309 74.694356 162.003525 1.024888 
0.163421 74.705772 162.049840 1.024613 
0.163219 74.693979 162.094203 1.024850 
0.163414 74.706178 162.133082 1.024611 
0.163194 74.701174 162.185028 1.024731 
0.163158 74.707870 162.235811 1.024873 
0.162926 74.703426 162.282988 1.024749 
0.163045 74.707351 162.329077 1.024640 
0.163062 74.704280 162.381131 1.024673 
0.162836 74.705684 162.431242 1.024743 
0.162806 74.710863 162.472856 1.024809 
0.163080 74.702421 162.523869 1.024809 
0.162515 74.703395 162.568907 1.024581 
0.162798 74.705232 162.607594 1.024945 
0.162412 74.699186 162.661378 1.024707 
0.162407 74.707999 162.698999 1.024691 
0.162451 74.698178 162.745371 1.024656 
0.162506 74.701608 162.787123 1.024563 
0.162395 74.703811 162.825283 1.024589 
0.162499 74.699647 162.872577 1.024868 
0.162354 74.697517 162.905805 1.024612 
0.162029 74.698597 162.949992 1.024830 
0.162387 74.703089 162.976298 1.024619 
0.162425 74.697909 163.016751 1.024751 
0.162423 74.708069 163.049390 1.024576 
0.162250 74.714622 163.092919 1.024643 
0.162362 74.699750 163.133632 1.024737 
0.162297 74.702044 163.164088 1.024795 
0.162206 74.706005 163.206574 1.024840 
0.162450 74.704535 163.244215 1.024851 
0.162476 74.711082 163.276545 1.024825 
0.162515 74.707301 163.312357 1.024875 
0.162539 74.700092 163.351892 1.024867 
0.162516 74.702984 163.384134 1.024720 
0.162485 74.699774 163.422746 1.024724 
0.162598 74.702568 163.461070 1.024897 
0.162679 74.711649 163.501301 1.024693 
0.162844 74.712005 163.535384 1.024645 
0.162534 74.702127 163.562834 1.024655 
0.162714 74.710653 163.603558 1.024768 
0.162719 74.707569 163.641683 1.024819 
0.162630 74.707982 163.675285 1.024801 
0.162591 74.709067 163.721787 1.024970 
0.162836 74.708171 163.744965 1.024687 
0.162679 74.707681 163.777595 1.024792 
0.162670 74.711688 163.812172 1.024821 
0.162695 74.712487 163.855976 1.024791 
0.162905 74.714168 163.885221 1.024662 
0.162700 74.721261 163.910498 1.024585 
0.162925 74.716381 163.945784 1.024600 
0.162874 74.723754 163.983491 1.024794 
0.162658 74.718853 164.013400 1.024885 
0.162820 74.715347 164.044251 1.024998 
0.162908 74.718820 164.074722 1.024823 
0.163244 74.713334 164.105021 1.024840 
0.162917 74.712484 164.138094 1.024852 
0.163239 74.710254 164.161375 1.024857 
0.163291 74.715527 164.200989 1.024828 
0.163555 74.719518 164.218368 1.024866 
0.163360 74.712326 164.249727 1.024960 
0.163199 74.713198 164.287176 1.024888 
0.163287 74.700115 164.313855 1.024883 
0.163892 74.709110 164.329004 1.024810 
0.163487 74.700943 164.354474 1.024796 
0.163383 74.705169 164.390165 1.024967 
0.163354 74.700601 164.420996 1.024793 
0.163607 74.695044 164.446328 1.024559 
0.163612 74.698059 164.477385 1.024631 
0.163506 74.686044 164.504847 1.024829 
