0.212046 75.999952 212.878509 1.024800 
0.128115 76.522227 193.791944 1.024694 
0.128101 76.535460 193.532999 1.024712 
0.127348 76.523903 193.294591 1.024867 
0.127295 76.538092 193.036946 1.024982 
0.126862 76.533569 192.796220 1.024847 
0.126489 76.542743 192.546434 1.024871 
0.126273 76.543605 192.302268 1.024767 
0.125852 76.542140 192.045005 1.024915 
0.125717 76.539175 191.811671 1.024791 
0.125274 76.543120 191.561794 1.024917 
0.125256 76.544256 191.308955 1.024754 
0.124831 76.547450 191.076261 1.024888 
0.124365 76.543530 190.829187 1.024961 
0.124421 76.540293 190.585284 1.024765 
0.124214 76.542292 190.347606 1.024738 
0.123843 76.542570 190.104450 1.024889 
0.123399 76.549361 189.866288 1.024924 
0.123415 76.546296 189.630830 1.024840 
0.123467 76.543737 189.392114 1.025062 
0.123048 76.538431 189.151659 1.024844 
0.122908 76.546050 188.924691 1.024792 
0.123020 76.546020 188.690202 1.024770 
0.122590 76.544475 188.458984 1.024700 
0.122413 76.539500 188.239652 1.024513 
0.122256 76.539801 188.014637 1.024578 
0.121987 76.537472 187.800920 1.024637 
0.121931 76.541673 187.581640 1.024680 
0.121700 76.541283 187.369987 1.024649 
0.121488 76.536115 187.155607 1.024675 
0.121610 76.533660 186.941098 1.024811 
0.121082 76.545737 186.733106 1.024859 
0.121021 76.541805 186.527490 1.024842 
0.120819 76.545094 186.311075 1.024902 
0.120823 76.540909 186.103672 1.024736 
0.120316 76.548041 185.893322 1.024788 
0.120232 76.541297 185.691221 1.024752 
0.120386 76.545777 185.489169 1.024729 
0.120294 76.544629 185.282469 1.024550 
0.119971 76.544062 185.081689 1.024701 
0.120143 76.550273 184.879468 1.024802 
0.119608 76.534699 184.676775 1.025004 
0.119910 76.540905 184.481573 1.025027 
0.119734 76.538877 184.271494 1.024929 
0.119446 76.539338 184.085424 1.024743 
0.119508 76.540256 183.875797 1.024887 
0.119439 76.538012 183.679834 1.024857 
0.119326 76.541719 183.486199 1.024870 
0.119442 76.546462 183.283790 1.024854 
0.119324 76.537054 183.086774 1.024856 
0.119111 76.546569 182.899273 1.024844 
0.119146 76.540335 182.696051 1.024996 
0.119094 76.542214 182.507259 1.024774 
0.119066 76.540300 182.319658 1.025069 
0.118991 76.546552 182.123560 1.024908 
0.118947 76.544176 181.924632 1.024644 
0.119019 76.546855 181.746589 1.024659 
0.118850 76.543985 181.560098 1.024719 
0.118957 76.548743 181.371399 1.024523 
0.118949 76.546177 181.177486 1.024565 
0.118850 76.542957 180.994416 1.024864 
0.118614 76.542923 180.810480 1.024520 
0.118898 76.551409 180.630970 1.024715 
0.118564 76.539889 180.438039 1.024875 
0.118507 76.542081 180.265405 1.024919 
0.118359 76.553007 180.076485 1.024754 
0.118399 76.547415 179.893316 1.024743 
0.118415 76.552951 179.712419 1.024732 
0.118158 76.547359 179.527757 1.024718 
0.118107 76.544970 179.360890 1.024804 
0.118198 76.553900 179.182242 1.024952 
0.118230 76.547356 179.009996 1.024780 
0.117866 76.543539 178.846483 1.024897 
0.118063 76.540673 178.675742 1.024818 
0.118113 76.539795 178.504594 1.024780 
0.117784 76.537275 178.340746 1.024809 
0.117717 76.538380 178.182733 1.024916 
0.118123 76.542315 178.019900 1.024676 
0.118006 76.535799 177.857261 1.024552 
0.117869 76.539854 177.700186 1.024733 
0.117871 76.540070 177.549277 1.024696 
0.117770 76.526841 177.390055 1.024678 
0.117733 76.533255 177.248426 1.024753 
0.117757 76.532444 177.093284 1.024885 
0.117837 76.536672 176.943578 1.024749 
0.117558 76.532066 176.797321 1.024790 
0.117723 76.542520 176.638312 1.024772 
0.117457 76.535966 176.488276 1.024797 
0.117529 76.544688 176.334964 1.024756 
0.117581 76.543243 176.182291 1.024695 
0.117560 76.541168 176.041833 1.024748 
0.117415 76.540055 175.885729 1.024678 
0.117294 76.545942 175.729344 1.024706 
0.117614 76.545259 175.572010 1.024685 
0.117278 76.548524 175.427644 1.024628 
0.117280 76.546808 175.273193 1.024743 
0.117623 76.553245 175.122852 1.024619 
0.117426 76.560980 174.978137 1.024622 
0.117356 76.560009 174.833612 1.024576 
0.117654 76.560240 174.684400 1.024577 
0.117180 76.563488 174.537406 1.024589 
0.117656 76.562915 174.392099 1.024507 
0.117596 76.563901 174.247758 1.024635 
0.117641 76.569177 174.105249 1.024900 
0.117817 76.576407 173.968205 1.024744 
0.117779 76.580045 173.829054 1.024685 
0.117875 76.577159 173.693147 1.024760 
0.117820 76.583435 173.557337 1.024726 
0.117884 76.585661 173.421784 1.024698 
0.117882 76.587603 173.281948 1.024575 
0.118114 76.590884 173.151285 1.024710 
0.117815 76.591002 173.017418 1.024669 
0.118080 76.590702 172.877153 1.024609 
0.117873 76.593549 172.745673 1.024688 
0.118030 76.603865 172.626230 1.024780 
0.117880 76.603311 172.502241 1.024590 
0.118087 76.603245 172.371012 1.024706 
0.117857 76.600747 172.247286 1.024662 
0.118056 76.605548 172.119188 1.024595 
0.117973 76.615509 171.983101 1.024548 
0.117984 76.618629 171.860597 1.024615 
0.117853 76.616119 171.731071 1.024813 
0.117985 76.612622 171.603604 1.024950 
0.117783 76.624806 171.480840 1.024847 
0.118013 76.614819 171.351686 1.024879 
0.118013 76.620102 171.222362 1.024600 
0.117705 76.622400 171.101759 1.024906 
0.117746 76.622639 170.974504 1.024862 
0.117859 76.622430 170.842823 1.024786 
0.118077 76.617104 170.724231 1.024740 
0.117878 76.621624 170.601168 1.024925 
0.117698 76.622242 170.470816 1.024710 
0.117790 76.624351 170.338085 1.024907 
0.118207 76.621575 170.219370 1.024988 
0.117944 76.624318 170.084726 1.024891 
0.117735 76.624761 169.957326 1.024707 
0.118071 76.628261 169.840289 1.024717 
0.117844 76.625607 169.716672 1.024702 
0.117936 76.632399 169.592983 1.024868 
0.117976 76.630549 169.467065 1.024874 
0.117998 76.635990 169.340052 1.024994 
0.118014 76.639785 169.211255 1.024984 
0.118031 76.640200 169.097133 1.024752 
0.118029 76.646281 168.980641 1.024718 
0.118178 76.647110 168.855066 1.024918 
0.118066 76.651289 168.743396 1.024621 
0.118141 76.643499 168.629256 1.024660 
0.118112 76.645490 168.511540 1.024845 
0.118382 76.650105 168.392422 1.024830 
0.118119 76.648445 168.276628 1.024585 
0.118250 76.644056 168.168071 1.024888 
0.118062 76.649493 168.047752 1.024750 
0.118029 76.652288 167.936772 1.024632 
0.118045 76.657036 167.823487 1.024638 
0.118114 76.660335 167.706871 1.024715 
0.117931 76.655082 167.607532 1.024800 
0.117932 76.648409 167.485595 1.024771 
0.117966 76.657358 167.384926 1.024603 
0.117823 76.655093 167.279651 1.024758 
0.117936 76.646997 167.164511 1.024810 
0.118201 76.655300 167.056608 1.024953 
0.117763 76.650339 166.950456 1.024895 
0.117836 76.655492 166.847992 1.024881 
0.117650 76.658947 166.732574 1.024884 
0.118092 76.655041 166.633834 1.025009 
0.118027 76.660785 166.525639 1.024871 
0.118184 76.656045 166.428770 1.024798 
0.117985 76.651908 166.328865 1.024703 
0.118207 76.653844 166.221498 1.024787 
0.118085 76.641501 166.123909 1.024891 
0.118130 76.646914 166.030861 1.024791 
0.118053 76.645713 165.934245 1.024853 
0.118349 76.641406 165.837339 1.024852 
0.118017 76.644567 165.739210 1.024832 
0.118070 76.646863 165.656240 1.024871 
0.118004 76.641783 165.551840 1.024848 
0.118245 76.644488 165.473528 1.024886 
0.118098 76.651146 165.367452 1.024750 
0.117995 76.646161 165.268188 1.024758 
0.118171 76.645584 165.174079 1.024855 
0.118145 76.644161 165.084430 1.024641 
0.117970 76.639677 164.986814 1.024684 
0.118131 76.639680 164.891040 1.024591 
0.118089 76.648809 164.795383 1.024684 
0.118226 76.649410 164.701472 1.024758 
0.117850 76.651475 164.603261 1.024944 
0.118113 76.651102 164.508422 1.024796 
0.117826 76.644710 164.416304 1.024857 
0.117737 76.638542 164.313479 1.024716 
0.117811 76.645434 164.227970 1.024671 
0.117752 76.649492 164.141135 1.024651 
0.117860 76.647946 164.039545 1.024686 
0.117826 76.644349 163.946759 1.025024 
0.117785 76.648662 163.853914 1.024681 
0.117908 76.641417 163.758188 1.024836 
0.117863 76.647412 163.668435 1.024808 
0.117423 76.649685 163.577318 1.024710 
0.117638 76.636420 163.486197 1.024656 
0.117671 76.637774 163.392851 1.024625 
0.117381 76.638526 163.304938 1.024909 
