0.163451 74.685435 164.541365 1.024917 
0.166878 74.714954 166.915501 1.024863 
0.166814 74.722343 166.979043 1.024813 
0.166861 74.725893 167.059945 1.024704 
0.167068 74.721973 167.122680 1.024738 
0.167311 74.722216 167.197614 1.024817 
0.167393 74.717048 167.262118 1.024842 
0.167673 74.721710 167.332762 1.024789 
0.168020 74.723192 167.400401 1.024880 
0.167981 74.729061 167.473381 1.024612 
0.168131 74.729889 167.543460 1.024718 
0.168540 74.723261 167.626376 1.024779 
0.168539 74.722687 167.700642 1.024594 
0.168982 74.728341 167.785081 1.024899 
0.169295 74.723803 167.861511 1.024748 
0.169314 74.717340 167.933525 1.024786 
0.169564 74.718702 168.032632 1.024777 
0.169885 74.725216 168.114538 1.024774 
0.170022 74.728715 168.209221 1.024707 
0.170502 74.726765 168.310232 1.024702 
0.170551 74.719850 168.413078 1.024845 
0.170868 74.724901 168.511023 1.024915 
0.171169 74.722371 168.614198 1.024842 
0.171166 74.725476 168.723416 1.024919 
0.171497 74.722609 168.835233 1.024831 
0.171898 74.723908 168.946563 1.024792 
0.172136 74.728533 169.054625 1.024937 
0.172291 74.725486 169.169345 1.024889 
0.172847 74.727626 169.298624 1.024846 
0.173232 74.732386 169.425169 1.024928 
0.173363 74.742658 169.551309 1.024949 
0.173829 74.737787 169.675985 1.024697 
0.173998 74.736977 169.795305 1.024834 
0.174511 74.740095 169.926396 1.024960 
0.174834 74.740936 170.053928 1.024889 
0.175109 74.742205 170.189922 1.024889 
0.175710 74.736724 170.312532 1.024927 
0.175678 74.739308 170.450444 1.024795 
0.176145 74.732403 170.587192 1.024816 
0.176489 74.739076 170.718305 1.024898 
0.177026 74.744879 170.849424 1.024793 
0.177478 74.736552 170.997828 1.025068 
0.177387 74.740852 171.134582 1.024884 
0.178051 74.733933 171.271795 1.024864 
0.178225 74.733592 171.415321 1.024825 
0.178861 74.735273 171.553365 1.024789 
0.179209 74.729753 171.689595 1.024853 
0.179579 74.737654 171.834551 1.024777 
0.179736 74.730087 171.985210 1.024986 
0.180267 74.724441 172.133267 1.024775 
0.180830 74.732519 172.271843 1.024752 
0.180986 74.725697 172.425406 1.024732 
0.181212 74.721591 172.575694 1.024750 
0.181713 74.721612 172.723328 1.024698 
0.182086 74.724733 172.880811 1.024668 
0.182443 74.717296 173.038045 1.024769 
0.182794 74.719835 173.189495 1.024757 
0.183306 74.716858 173.354307 1.024769 
0.183653 74.723296 173.511248 1.024854 
0.183787 74.724744 173.677586 1.024873 
0.184291 74.726204 173.828228 1.024756 
0.184619 74.723968 173.996621 1.024848 
0.185193 74.725820 174.164152 1.024739 
0.185586 74.718801 174.332039 1.024857 
0.186038 74.715367 174.499911 1.024683 
0.186293 74.724608 174.661544 1.024706 
0.186811 74.726957 174.838062 1.024551 
0.187323 74.729183 175.016152 1.024724 
0.187506 74.727031 175.189347 1.024637 
0.187962 74.734159 175.366966 1.024652 
0.188233 74.732892 175.537925 1.024755 
0.188795 74.734974 175.725534 1.024622 
0.189101 74.726165 175.885301 1.024663 
0.189682 74.728938 176.078702 1.024619 
0.189831 74.740964 176.254031 1.024684 
0.190398 74.739030 176.426916 1.024891 
0.190388 74.740890 176.593957 1.024721 
0.190883 74.743315 176.758136 1.024801 
0.190905 74.740299 176.939864 1.024774 
0.191778 74.742525 177.099602 1.024910 
0.191680 74.742674 177.263910 1.024788 
0.192213 74.741171 177.422228 1.024691 
0.192305 74.742716 177.574990 1.024787 
0.192757 74.747461 177.743391 1.024614 
0.192710 74.748355 177.897304 1.024707 
0.193206 74.742784 178.047923 1.024659 
0.193439 74.753110 178.212010 1.024686 
0.193712 74.744327 178.366353 1.024821 
0.193819 74.753749 178.514725 1.024664 
0.194408 74.752078 178.670347 1.024683 
0.194482 74.758559 178.820034 1.024759 
0.194960 74.753984 178.970751 1.024619 
0.194813 74.754167 179.130452 1.024627 
0.195131 74.758149 179.279590 1.024565 
0.195691 74.750914 179.439873 1.024768 
0.195765 74.754086 179.588049 1.024759 
0.196082 74.757365 179.739818 1.024868 
0.196221 74.758626 179.892764 1.024768 
0.196385 74.758353 180.046819 1.024758 
0.196690 74.758567 180.202689 1.024885 
0.196998 74.764091 180.363848 1.024889 
0.197291 74.759931 180.518354 1.024938 
0.197557 74.768548 180.685354 1.024837 
0.197408 74.765595 180.844082 1.024921 
0.197876 74.770415 180.997149 1.024679 
0.197977 74.761397 181.163982 1.025062 
0.198271 74.764943 181.329016 1.024814 
0.199017 74.759250 181.494712 1.024736 
0.198801 74.760131 181.664068 1.024876 
0.198986 74.763905 181.835517 1.024854 
0.199026 74.760629 182.003732 1.024912 
0.199691 74.758258 182.169628 1.024847 
0.199583 74.746988 182.339034 1.024885 
0.199791 74.751725 182.509559 1.024830 
0.200074 74.746589 182.679094 1.024789 
0.200274 74.742038 182.838467 1.024934 
0.200398 74.751875 183.007065 1.024936 
0.200646 74.743423 183.164604 1.024792 
0.200969 74.745006 183.318923 1.024802 
0.200928 74.739325 183.485461 1.024663 
0.201234 74.748581 183.640291 1.024927 
0.201551 74.744079 183.800183 1.024887 
0.201866 74.748582 183.959949 1.024794 
0.202005 74.753559 184.114283 1.024578 
0.202152 74.747416 184.271620 1.024609 
0.202138 74.743226 184.412657 1.024903 
0.202583 74.742552 184.559299 1.024572 
0.202732 74.740621 184.707677 1.024726 
0.202986 74.743370 184.850712 1.024702 
0.202969 74.742005 185.011284 1.024594 
0.203653 74.737417 185.157613 1.024616 
0.203927 74.736134 185.306379 1.024646 
0.203986 74.741829 185.447070 1.024752 
0.203867 74.737082 185.595906 1.024621 
0.204444 74.737602 185.730878 1.024640 
0.204943 74.731696 185.871981 1.024690 
0.204888 74.729250 186.007932 1.024786 
0.205238 74.731425 186.158392 1.024681 
0.205343 74.734638 186.293131 1.024769 
0.205594 74.729253 186.432133 1.024807 
0.205935 74.730920 186.568048 1.024816 
0.206287 74.733883 186.698414 1.024759 
0.206541 74.735442 186.851606 1.024864 
0.206611 74.736971 186.976832 1.024870 
0.206874 74.726829 187.102182 1.024726 
0.206938 74.739609 187.237637 1.024703 
0.207162 74.740456 187.371548 1.024825 
0.207345 74.741862 187.501483 1.024796 
0.207643 74.740391 187.624598 1.024903 
0.207766 74.742038 187.756902 1.024699 
0.207929 74.747137 187.882791 1.024848 
0.207942 74.746886 188.007427 1.024858 
0.207940 74.746075 188.126493 1.024930 
0.208146 74.756120 188.249855 1.024753 
0.208498 74.748690 188.371063 1.025029 
0.208351 74.751472 188.494757 1.024729 
0.208645 74.749637 188.618302 1.024759 
0.208653 74.753321 188.740647 1.024839 
0.208867 74.761132 188.853927 1.024871 
0.209091 74.758980 188.978023 1.024871 
0.209126 74.764788 189.091405 1.024885 
0.209197 74.765930 189.203041 1.024689 
0.209422 74.758470 189.320213 1.024684 
0.209580 74.769142 189.440768 1.024772 
0.209326 74.773404 189.550822 1.024810 
0.209967 74.764616 189.671389 1.024746 
0.209833 74.761763 189.789097 1.024711 
0.209902 74.766868 189.904117 1.024953 
0.210103 74.768883 190.015925 1.024957 
0.210245 74.764752 190.127265 1.024823 
0.210111 74.772894 190.243485 1.025005 
0.210185 74.775097 190.346546 1.024909 
0.210585 74.771087 190.454305 1.024870 
0.210359 74.774949 190.570013 1.024851 
0.210850 74.771913 190.680411 1.024802 
0.211002 74.768740 190.785763 1.024854 
0.210888 74.771042 190.894236 1.024587 
0.211161 74.768391 190.995014 1.024585 
0.211380 74.772631 191.107091 1.024929 
0.211480 74.771148 191.210107 1.024568 
0.211456 74.770000 191.317084 1.024725 
0.211350 74.767959 191.423660 1.024726 
0.211694 74.775488 191.525765 1.024893 
0.211874 74.780623 191.637821 1.024907 
0.211970 74.771827 191.739502 1.024846 
0.211891 74.769002 191.848754 1.024845 
0.212218 74.773840 191.947036 1.024895 
0.212437 74.771291 192.055371 1.024762 
0.212185 74.771455 192.161289 1.024740 
0.212637 74.773697 192.258796 1.024883 
0.212219 74.770278 192.372845 1.024952 
0.212892 74.771232 192.468288 1.024873 
0.212779 74.764513 192.578135 1.024853 
0.212926 74.763865 192.687888 1.024770 
0.213391 74.766444 192.792024 1.024749 
0.213386 74.759648 192.902904 1.024485 
0.213465 74.760946 192.998810 1.024773 
0.213739 74.759791 193.109214 1.024685 
0.213942 74.760102 193.202737 1.024681 
0.214113 74.766690 193.311975 1.024756 
