0.211017 73.127477 235.888758 1.027068 
0.207888 73.251049 233.602975 1.027403 
0.208005 73.251769 233.554039 1.027342 
0.207730 73.251890 233.510716 1.027202 
0.207976 73.247944 233.481075 1.027124 
0.207840 73.251973 233.439597 1.027297 
0.207972 73.248752 233.384086 1.027273 
0.207779 73.249901 233.345934 1.027176 
0.207752 73.251154 233.293111 1.027389 
0.207654 73.249129 233.252395 1.027225 
0.207754 73.246646 233.216767 1.027015 
0.207793 73.248967 233.159816 1.027233 
0.207559 73.248605 233.118234 1.027017 
0.207560 73.247389 233.073700 1.027204 
0.207793 73.249929 233.027682 1.027178 
0.207285 73.251102 232.992327 1.027004 
0.207642 73.244183 232.944971 1.027099 
0.207370 73.244968 232.907466 1.027138 
0.207469 73.249245 232.861580 1.027202 
0.207428 73.250326 232.816605 1.027184 
0.207470 73.248998 232.780937 1.027238 
0.207417 73.242428 232.742969 1.027408 
0.207068 73.243899 232.695127 1.027168 
0.207408 73.246754 232.650596 1.027233 
0.207272 73.252655 232.605709 1.027133 
0.206923 73.246870 232.558539 1.027313 
0.207170 73.249142 232.519319 1.027405 
0.206816 73.250347 232.477145 1.027184 
0.207081 73.252750 232.426932 1.027340 
0.206977 73.250002 232.395983 1.027313 
0.206789 73.254392 232.356163 1.027194 
0.206572 73.246096 232.310097 1.027181 
0.206586 73.253414 232.270865 1.027400 
0.206672 73.255293 232.226274 1.027270 
0.206356 73.257894 232.190457 1.027112 
0.206479 73.262287 232.147202 1.027109 
0.206360 73.256437 232.111825 1.027152 
0.206432 73.259650 232.070583 1.027247 
0.206124 73.264177 232.030129 1.027148 
0.206192 73.267768 231.994352 1.027076 
0.206272 73.266330 231.951629 1.027056 
0.206086 73.266060 231.918564 1.027240 
0.206058 73.275078 231.884426 1.027035 
0.205858 73.274762 231.843370 1.027206 
0.206084 73.277512 231.798739 1.027280 
0.205747 73.277126 231.769069 1.027284 
0.206019 73.280388 231.728890 1.027335 
0.205816 73.274695 231.693733 1.027292 
0.205793 73.282512 231.655752 1.027309 
0.205626 73.281183 231.609743 1.027246 
0.205567 73.283895 231.583629 1.027405 
0.205615 73.283788 231.556205 1.027372 
0.205393 73.278291 231.516966 1.027338 
0.205626 73.283229 231.497653 1.027167 
0.205389 73.277062 231.461906 1.027317 
0.205341 73.280009 231.439639 1.027137 
0.205540 73.281097 231.412316 1.027347 
0.205603 73.280784 231.381677 1.027480 
0.205644 73.278086 231.352893 1.027341 
0.205552 73.280439 231.331210 1.027186 
0.205475 73.281923 231.306494 1.027362 
0.205769 73.281991 231.280220 1.027205 
0.205895 73.287602 231.258517 1.027065 
0.206006 73.281967 231.222543 1.027076 
0.205682 73.283202 231.210534 1.027057 
0.205983 73.284512 231.175187 1.027124 
0.205787 73.279648 231.147475 1.027331 
0.205908 73.288974 231.124173 1.027393 
0.205968 73.288838 231.092687 1.027287 
0.206003 73.286801 231.071569 1.027356 
0.205926 73.291028 231.046523 1.027345 
0.205926 73.281518 231.021188 1.027188 
0.206045 73.283853 230.989456 1.027327 
0.205889 73.283851 230.961537 1.027340 
0.206123 73.291813 230.935228 1.027297 
0.206085 73.283117 230.912232 1.027175 
0.206319 73.284593 230.882790 1.027086 
0.206270 73.291937 230.860745 1.027015 
0.206013 73.289819 230.834380 1.027098 
0.206193 73.289084 230.811534 1.027239 
0.206166 73.287996 230.784860 1.027244 
0.206350 73.282856 230.758652 1.027142 
0.206133 73.277259 230.740309 1.027380 
0.206219 73.279971 230.719658 1.027029 
0.206148 73.282218 230.704171 1.027038 
0.206435 73.278369 230.670581 1.027085 
0.206266 73.276099 230.648730 1.027047 
0.206100 73.279980 230.636682 1.026850 
0.206144 73.287291 230.614861 1.027323 
0.206246 73.276371 230.598869 1.027023 
0.206241 73.282345 230.579290 1.027085 
0.206108 73.281012 230.565372 1.027118 
0.205931 73.283078 230.549805 1.026871 
0.206190 73.281442 230.531001 1.027168 
0.206192 73.281199 230.510333 1.027311 
0.206083 73.275799 230.492522 1.027221 
0.206122 73.284284 230.466150 1.027216 
0.205556 73.287023 230.452303 1.027424 
0.205940 73.287648 230.429550 1.027056 
0.205921 73.290960 230.412560 1.027198 
