0.162313 71.439015 184.996380 1.027051 
0.158628 71.643612 183.175459 1.027169 
0.158459 71.640213 183.145597 1.027071 
0.158333 71.639222 183.095990 1.027036 
0.158490 71.646906 183.066924 1.027115 
0.158579 71.642345 183.029513 1.027168 
0.158562 71.645519 182.986239 1.026978 
0.158410 71.641848 182.962374 1.027268 
0.158433 71.647342 182.930705 1.027339 
0.158752 71.648109 182.898949 1.027122 
0.158400 71.646908 182.859145 1.027048 
0.158781 71.643221 182.828729 1.027192 
0.158657 71.656344 182.799524 1.027243 
0.158740 71.656303 182.771170 1.027164 
0.158529 71.657030 182.740135 1.027279 
0.158712 71.657093 182.702251 1.027133 
0.158720 71.655027 182.672914 1.027265 
0.158640 71.655980 182.646331 1.027080 
0.158577 71.657421 182.605000 1.027126 
0.158489 71.654910 182.570711 1.027128 
0.158686 71.661065 182.531549 1.027114 
0.158628 71.664293 182.505246 1.027281 
0.158462 71.664091 182.481114 1.027113 
0.158356 71.666761 182.437083 1.027325 
0.158602 71.657533 182.417464 1.027122 
0.158524 71.662646 182.380164 1.027212 
0.158478 71.663288 182.350748 1.027264 
0.158531 71.660398 182.309441 1.027162 
0.158554 71.664094 182.275633 1.027365 
0.158759 71.660988 182.249102 1.027195 
0.158652 71.661538 182.217583 1.027040 
0.158529 71.663932 182.196400 1.027196 
0.158430 71.670647 182.162336 1.027171 
0.158394 71.665405 182.131768 1.027172 
0.158424 71.659622 182.106021 1.027104 
0.158379 71.665355 182.069600 1.027151 
0.158166 71.668493 182.045105 1.027221 
0.158286 71.667823 182.009840 1.027157 
0.158131 71.671226 181.983433 1.027089 
0.158297 71.676288 181.955173 1.027135 
0.158257 71.679966 181.922615 1.027138 
0.157899 71.678677 181.894025 1.026971 
0.157739 71.674892 181.854487 1.026984 
0.157948 71.684919 181.826634 1.027113 
0.158024 71.674389 181.793080 1.027061 
0.157791 71.683579 181.767112 1.027283 
0.157885 71.683925 181.732133 1.027238 
0.157800 71.682473 181.706331 1.027420 
0.157670 71.687513 181.676878 1.027261 
0.157588 71.685727 181.640298 1.027547 
0.157544 71.689463 181.608963 1.027220 
0.157677 71.697811 181.577530 1.027087 
0.157385 71.696987 181.539411 1.027364 
0.157634 71.692096 181.516171 1.027338 
0.157429 71.694853 181.487292 1.027185 
0.157117 71.700392 181.460499 1.027301 
0.157254 71.700946 181.430478 1.027164 
0.157306 71.699730 181.401502 1.027181 
0.157085 71.694981 181.371391 1.027135 
0.157105 71.700184 181.347207 1.026928 
0.156921 71.705880 181.320974 1.027116 
0.156883 71.698855 181.293703 1.026955 
0.156986 71.692511 181.264359 1.027073 
0.156809 71.696177 181.239151 1.027189 
0.156941 71.695883 181.216267 1.027232 
0.156863 71.698927 181.185971 1.027211 
0.156672 71.697204 181.170522 1.027188 
0.156643 71.692412 181.146585 1.027234 
0.156925 71.698071 181.119401 1.027212 
0.156833 71.696065 181.104143 1.027165 
0.156962 71.697585 181.081965 1.027248 
0.156991 71.690085 181.058763 1.027329 
0.156829 71.691414 181.039578 1.027382 
0.156986 71.692084 181.012934 1.027443 
0.156765 71.692720 180.994539 1.027354 
0.156875 71.696807 180.967464 1.027399 
0.156682 71.697782 180.941235 1.027122 
0.157009 71.687922 180.922054 1.027230 
0.156935 71.693215 180.891851 1.027036 
0.156880 71.697887 180.873374 1.027315 
0.157007 71.693127 180.850668 1.027073 
0.156952 71.689627 180.833883 1.027291 
0.156853 71.688717 180.810833 1.027227 
0.157046 71.698048 180.784961 1.027297 
0.157178 71.697387 180.765151 1.027136 
0.156932 71.695750 180.744146 1.027139 
0.157124 71.688784 180.718712 1.027120 
0.157141 71.693996 180.701931 1.027168 
0.157104 71.688230 180.676383 1.027088 
0.157330 71.691747 180.660472 1.027126 
0.157216 71.686475 180.637568 1.027141 
0.157571 71.687396 180.627158 1.027295 
0.157266 71.686522 180.621012 1.027252 
0.157395 71.687145 180.600677 1.027300 
0.157581 71.685431 180.590268 1.027218 
0.157620 71.686642 180.576087 1.027245 
0.157599 71.679540 180.563677 1.027370 
0.157504 71.681538 180.549431 1.027184 
0.157645 71.678001 180.541200 1.027284 
0.157835 71.678312 180.527021 1.027225 
