0.118831 71.256560 139.166303 1.027235 
0.118916 71.270324 136.029689 1.026987 
0.118728 71.269140 136.023781 1.026897 
0.118792 71.273366 136.022127 1.027108 
0.118929 71.269235 136.025668 1.027197 
0.118652 71.265615 136.024701 1.027130 
0.118796 71.260486 136.021286 1.027168 
0.118688 71.260575 136.025557 1.027228 
0.118755 71.253764 136.035897 1.027072 
0.118680 71.262698 136.031492 1.027253 
0.118716 71.255478 136.031052 1.027318 
0.118834 71.246866 136.034246 1.027175 
0.118635 71.251251 136.022791 1.027168 
0.118715 71.252420 136.025976 1.027230 
0.118780 71.244214 136.020656 1.027191 
0.118663 71.244788 136.024127 1.027273 
0.118701 71.237904 136.019505 1.027119 
0.118704 71.234131 136.020609 1.027211 
0.118755 71.236771 136.020288 1.027310 
0.118530 71.235083 136.029121 1.027097 
0.118652 71.231965 136.021802 1.027249 
0.118484 71.228704 136.026294 1.027194 
0.118354 71.225799 136.026657 1.027017 
0.118154 71.230862 136.033745 1.027047 
0.118328 71.228420 136.031104 1.026829 
0.118285 71.224591 136.034863 1.027173 
0.118261 71.226338 136.035373 1.027171 
0.117976 71.227628 136.027264 1.027112 
0.118001 71.228046 136.031822 1.027080 
0.118123 71.227060 136.035462 1.027030 
0.117828 71.222877 136.028341 1.026785 
0.117752 71.228977 136.032609 1.026840 
0.117869 71.224389 136.025557 1.026956 
0.117591 71.223022 136.029392 1.026802 
0.117616 71.215154 136.028297 1.026883 
0.117423 71.213495 136.022357 1.026850 
0.117387 71.208128 136.022725 1.026927 
0.117475 71.215846 136.012176 1.026788 
0.117354 71.207925 136.012984 1.027061 
0.117222 71.206059 136.009845 1.026883 
0.117211 71.206921 136.001720 1.027094 
0.117122 71.214146 135.997023 1.027032 
0.117088 71.213938 135.999673 1.027108 
0.117271 71.208733 135.996695 1.027102 
0.117094 71.210212 135.995413 1.027119 
0.117015 71.209541 135.990898 1.027318 
0.117054 71.207256 135.992169 1.027281 
0.117217 71.209859 135.993098 1.027113 
0.117021 71.208865 135.981460 1.027168 
0.117227 71.212754 135.983944 1.027124 
0.117075 71.209992 135.981839 1.026992 
0.117397 71.214558 135.979050 1.027045 
0.117414 71.218116 135.976320 1.027075 
0.117330 71.211427 135.976584 1.027027 
0.117397 71.218460 135.978428 1.026849 
0.117669 71.211652 135.978330 1.027033 
0.117406 71.208949 135.976607 1.026725 
0.117594 71.208850 135.975075 1.027067 
0.117466 71.210158 135.969921 1.027047 
0.117608 71.205282 135.969964 1.027049 
0.117678 71.205294 135.963095 1.027116 
0.117491 71.204892 135.968151 1.027079 
0.117520 71.201915 135.966986 1.027058 
0.117412 71.200611 135.961714 1.027094 
0.117514 71.201835 135.960050 1.027093 
0.117699 71.199120 135.963799 1.027165 
0.117657 71.198074 135.948017 1.027173 
0.117663 71.192412 135.955137 1.027002 
0.117495 71.186769 135.944896 1.027125 
0.117581 71.188571 135.956513 1.026996 
0.117699 71.187209 135.949273 1.027171 
0.117587 71.187743 135.949113 1.027289 
0.117687 71.178349 135.958363 1.027293 
0.117645 71.179763 135.950615 1.027067 
0.117504 71.191225 135.960030 1.026964 
0.117679 71.196197 135.958294 1.027095 
0.117522 71.182725 135.961840 1.027078 
0.117544 71.181356 135.956253 1.027091 
0.117614 71.185720 135.964014 1.027107 
0.117573 71.184436 135.955647 1.026977 
0.117436 71.181844 135.951943 1.027117 
0.117628 71.188115 135.960760 1.027171 
0.117551 71.184303 135.956597 1.027076 
0.117406 71.178657 135.967381 1.027119 
0.117595 71.180092 135.958056 1.027151 
0.117653 71.178611 135.966198 1.027180 
0.117549 71.177111 135.955788 1.027187 
0.117569 71.180449 135.962471 1.027129 
0.117518 71.173214 135.968189 1.027044 
0.117588 71.171085 135.956630 1.027188 
0.117477 71.178548 135.952926 1.027240 
0.117746 71.177436 135.963166 1.027132 
0.117731 71.175609 135.957904 1.027056 
0.117455 71.173363 135.961038 1.027126 
0.117619 71.173258 135.955219 1.026983 
0.117442 71.171329 135.944045 1.027127 
0.117626 71.171060 135.959819 1.027147 
0.117517 71.170606 135.954999 1.026943 
0.117628 71.174641 135.945580 1.026944 
0.117464 71.173336 135.951805 1.027133 
