0.146991 67.000349 147.058205 1.028555 
0.147300 67.002020 147.108831 1.028646 
0.147267 67.006237 147.158516 1.028485 
0.147154 67.014656 147.211117 1.028473 
0.147273 67.007405 147.255999 1.028511 
0.146885 67.016320 147.305308 1.028427 
0.147251 67.019072 147.357572 1.028596 
0.147044 67.023149 147.410275 1.028777 
0.146971 67.019791 147.464381 1.028561 
0.147014 67.021787 147.513371 1.028614 
0.147166 67.025867 147.562607 1.028754 
0.147145 67.023332 147.609831 1.028577 
0.147332 67.029268 147.663359 1.028658 
0.147232 67.038099 147.709769 1.028714 
0.147156 67.025724 147.757936 1.028538 
0.147185 67.031121 147.804056 1.028515 
0.147009 67.032444 147.854460 1.028427 
0.147060 67.036737 147.892856 1.028373 
0.147003 67.031394 147.949487 1.028545 
0.147019 67.036721 147.992611 1.028671 
0.147175 67.032817 148.033863 1.028593 
0.147036 67.030899 148.078713 1.028609 
0.147153 67.036080 148.127688 1.028443 
0.147260 67.026158 148.170982 1.028501 
0.147187 67.032734 148.220703 1.028405 
0.147038 67.038307 148.268132 1.028408 
0.146982 67.040443 148.323097 1.028580 
0.146977 67.036073 148.358590 1.028657 
0.146759 67.031768 148.409486 1.028459 
0.147100 67.039415 148.449180 1.028633 
0.147000 67.039855 148.501328 1.028517 
0.146958 67.039553 148.548151 1.028543 
0.146922 67.030252 148.592530 1.028671 
0.146743 67.033222 148.636409 1.028552 
0.146799 67.040775 148.685738 1.028521 
0.146720 67.035459 148.733055 1.028428 
0.146557 67.035808 148.782807 1.028569 
0.146451 67.026906 148.832830 1.028466 
0.146497 67.036847 148.875046 1.028491 
0.146475 67.039317 148.935268 1.028389 
0.146328 67.036737 148.972920 1.028470 
0.146474 67.046974 149.027726 1.028518 
0.146143 67.034727 149.074670 1.028384 
0.146314 67.049535 149.109756 1.028561 
0.146182 67.049904 149.161674 1.028438 
0.145993 67.044350 149.212227 1.028587 
0.146235 67.047877 149.260456 1.028436 
0.145971 67.043406 149.311676 1.028600 
0.145915 67.043851 149.357637 1.028488 
0.146059 67.045029 149.404798 1.028546 
0.145989 67.050635 149.445945 1.028451 
0.145909 67.053699 149.499649 1.028395 
0.145917 67.050561 149.534115 1.028611 
0.145871 67.056511 149.591414 1.028639 
0.145979 67.056216 149.635519 1.028848 
0.145904 67.062084 149.681319 1.028815 
0.145549 67.058559 149.729167 1.028722 
0.145807 67.054565 149.769073 1.028715 
0.145601 67.062824 149.806661 1.028574 
0.145745 67.066708 149.853811 1.028611 
0.145787 67.075457 149.895873 1.028679 
0.145957 67.070378 149.937164 1.028788 
0.145917 67.080645 149.980073 1.028669 
0.145688 67.076586 150.028365 1.028858 
0.145920 67.071952 150.069964 1.028701 
0.145778 67.073665 150.107254 1.028816 
0.145779 67.077036 150.145692 1.028797 
0.145950 67.076607 150.184148 1.028760 
0.145893 67.082761 150.223078 1.028564 
0.145872 67.087928 150.253637 1.028699 
0.145946 67.087034 150.281371 1.028399 
0.146092 67.085964 150.326533 1.028593 
0.145662 67.095775 150.362673 1.028694 
0.145952 67.093114 150.396897 1.028771 
0.145968 67.090335 150.433449 1.028530 
0.145854 67.097954 150.473642 1.028636 
0.145757 67.104157 150.507956 1.028514 
0.145924 67.102828 150.539543 1.028706 
0.145915 67.104217 150.585027 1.028462 
0.145958 67.104763 150.620199 1.028552 
0.145689 67.104891 150.653661 1.028738 
0.145998 67.106184 150.683883 1.028746 
0.145848 67.107858 150.726241 1.028720 
0.145799 67.114623 150.766514 1.028623 
0.145729 67.112070 150.790339 1.028625 
0.145785 67.109024 150.826470 1.028641 
0.145636 67.113214 150.865235 1.028521 
0.145497 67.111133 150.895585 1.028574 
0.145648 67.111624 150.923085 1.028636 
0.145575 67.110173 150.944368 1.028679 
0.145636 67.111230 150.975381 1.028696 
0.145666 67.111461 151.009749 1.028788 
0.145289 67.113656 151.042934 1.028672 
0.145480 67.113289 151.066492 1.028479 
0.145496 67.116324 151.093089 1.028406 
0.145368 67.120439 151.118124 1.028600 
0.145580 67.116902 151.163366 1.028722 
0.145515 67.114313 151.189948 1.028738 
0.145318 67.109126 151.210245 1.028508 
0.145494 67.115023 151.242384 1.028658 
0.145118 67.115761 151.268865 1.028722 
0.145074 67.115916 151.299618 1.028667 
0.145179 67.112016 151.325924 1.028597 
0.145212 67.111399 151.355925 1.028661 
0.145255 67.112652 151.380024 1.028454 
0.145299 67.115863 151.419444 1.028678 
0.145559 67.111170 151.439385 1.028686 
0.145407 67.115709 151.463296 1.028806 
0.145545 67.116653 151.495962 1.028637 
0.145240 67.115913 151.523506 1.028679 
0.145411 67.116800 151.554460 1.028588 
0.145443 67.115322 151.577394 1.028741 
0.145407 67.115505 151.604456 1.028748 
0.145232 67.124768 151.636967 1.028562 
0.145470 67.126015 151.661287 1.028735 
0.145425 67.126774 151.696422 1.028509 
0.145539 67.119406 151.724925 1.028490 
0.145484 67.126308 151.759601 1.028566 
0.145370 67.123613 151.792944 1.028646 
0.145475 67.128068 151.822829 1.028648 
0.145718 67.123630 151.849788 1.028581 
0.145564 67.125666 151.880255 1.028701 
0.145570 67.127477 151.910131 1.028623 
0.145741 67.125525 151.944189 1.028443 
0.145739 67.132194 151.971167 1.028440 
0.145686 67.125026 152.003046 1.028514 
0.145838 67.132191 152.034446 1.028366 
0.145833 67.129010 152.069407 1.028505 
0.146136 67.134879 152.107052 1.028320 
0.145941 67.133452 152.137437 1.028561 
0.146000 67.137960 152.176094 1.028492 
0.145966 67.136329 152.203217 1.028572 
0.145986 67.137135 152.237975 1.028370 
0.146074 67.133314 152.269674 1.028421 
0.146196 67.141142 152.303456 1.028292 
0.146228 67.136230 152.335157 1.028668 
0.146257 67.133768 152.356462 1.028711 
0.146224 67.136229 152.388036 1.028604 
0.146401 67.143555 152.426763 1.028760 
0.146249 67.135731 152.458446 1.028814 
0.146453 67.133699 152.492191 1.028728 
0.146336 67.140859 152.512011 1.028664 
0.146457 67.147139 152.545710 1.028532 
0.146464 67.140087 152.580208 1.028657 
0.146410 67.138557 152.609333 1.028485 
0.146802 67.138939 152.630694 1.028632 
0.146732 67.145832 152.667243 1.028646 
0.146820 67.142736 152.695463 1.028713 
0.147025 67.137234 152.724570 1.028729 
0.146979 67.140529 152.751186 1.028610 
0.147008 67.143085 152.785434 1.028690 
0.147093 67.145802 152.819583 1.028656 
0.147229 67.145556 152.834966 1.028602 
0.147387 67.144426 152.870976 1.028709 
0.147258 67.146625 152.895284 1.028774 
0.147443 67.147270 152.918767 1.028613 
0.147541 67.147395 152.940064 1.028556 
0.147452 67.146285 152.966588 1.028594 
0.147573 67.140192 152.989233 1.028508 
0.147989 67.150219 153.011273 1.028491 
0.147346 67.142761 153.032868 1.028633 
0.147600 67.142770 153.061787 1.028475 
0.147630 67.150829 153.082611 1.028552 
0.147754 67.148243 153.109031 1.028568 
0.147862 67.148508 153.125800 1.028751 
0.147772 67.152189 153.147331 1.028560 
0.147784 67.149474 153.174321 1.028468 
0.148040 67.150828 153.193304 1.028436 
0.148109 67.157526 153.212021 1.028535 
0.147867 67.155657 153.234062 1.028414 
0.148160 67.156941 153.246459 1.028435 
0.147977 67.156069 153.265868 1.028551 
0.148273 67.157055 153.287610 1.028625 
0.148091 67.156927 153.302514 1.028628 
0.148073 67.156660 153.316582 1.028734 
0.148122 67.159345 153.332286 1.028469 
0.148241 67.151614 153.342943 1.028673 
0.148381 67.156556 153.360942 1.028604 
0.148089 67.153373 153.369637 1.028405 
0.148009 67.157070 153.395084 1.028390 
0.148258 67.157190 153.416487 1.028629 
0.148002 67.159235 153.431347 1.028478 
0.148059 67.155244 153.453885 1.028649 
0.147999 67.154863 153.474860 1.028723 
0.147861 67.157162 153.494264 1.028655 
0.148023 67.164069 153.506694 1.028720 
0.148056 67.153939 153.529941 1.028694 
0.147952 67.155592 153.557128 1.028637 
0.147879 67.162097 153.580715 1.028701 
0.147910 67.160773 153.599754 1.028616 
0.147763 67.162118 153.630975 1.028798 
0.147884 67.162185 153.637934 1.028570 
0.147895 67.161704 153.661856 1.028852 
0.147691 67.171006 153.676114 1.028697 
0.147457 67.163520 153.701645 1.028748 
0.147712 67.166886 153.718364 1.028712 
0.147269 67.164249 153.741905 1.028787 
0.147563 67.166388 153.760569 1.028694 
0.147634 67.172085 153.777453 1.028571 
0.147590 67.170039 153.794961 1.028696 
