0.196700 70.772719 207.283749 1.028367 
0.106919 72.330645 144.898165 1.028534 
0.106952 72.331220 144.869081 1.028505 
0.107078 72.332025 144.838773 1.028499 
0.107239 72.329686 144.814683 1.028639 
0.107320 72.337177 144.788588 1.028615 
0.107045 72.332029 144.757100 1.028671 
0.107355 72.329069 144.734835 1.028711 
0.107318 72.331386 144.706089 1.028710 
0.107407 72.329757 144.670473 1.028560 
0.107508 72.321496 144.655651 1.028517 
0.107456 72.327831 144.623927 1.028553 
0.107548 72.324728 144.594164 1.028563 
0.107432 72.329842 144.567974 1.028504 
0.107748 72.324155 144.539242 1.028619 
0.107842 72.327970 144.514829 1.028682 
0.107754 72.326273 144.493310 1.028502 
0.107880 72.329519 144.461087 1.028316 
0.107815 72.333251 144.431935 1.028803 
0.108168 72.334472 144.401159 1.028705 
0.108142 72.334425 144.373619 1.028569 
0.108016 72.338533 144.351554 1.028553 
0.108011 72.329681 144.326660 1.028414 
0.108401 72.331586 144.295753 1.028326 
0.108213 72.332626 144.273350 1.028493 
0.108405 72.324622 144.247366 1.028585 
0.108149 72.328805 144.224014 1.028601 
0.108581 72.332030 144.200135 1.028565 
0.108694 72.330743 144.164020 1.028506 
0.108629 72.327182 144.137813 1.028438 
0.108757 72.330887 144.118950 1.028612 
0.108783 72.324145 144.091317 1.028532 
0.109023 72.335664 144.066011 1.028727 
0.109000 72.335365 144.040067 1.028784 
0.109052 72.336437 144.019251 1.028553 
0.109019 72.335743 143.994165 1.028412 
0.109204 72.331012 143.966923 1.028453 
0.109200 72.331227 143.956285 1.028415 
0.109344 72.343285 143.915879 1.028466 
0.109578 72.335691 143.902093 1.028572 
0.109437 72.341463 143.872720 1.028528 
0.109456 72.332067 143.852992 1.028425 
0.109844 72.335121 143.831446 1.028653 
0.109575 72.339348 143.804118 1.028806 
0.109613 72.346385 143.782584 1.028580 
0.109854 72.340309 143.763457 1.028609 
0.109799 72.343270 143.744934 1.028557 
0.109906 72.336528 143.721451 1.028602 
0.110162 72.337939 143.696488 1.028640 
0.109947 72.336740 143.673053 1.028597 
0.110001 72.342329 143.649423 1.028570 
0.110122 72.338238 143.626768 1.028689 
0.110169 72.342674 143.610917 1.028513 
0.109952 72.339789 143.587414 1.028669 
0.110186 72.341798 143.568305 1.028720 
0.110006 72.335495 143.555808 1.028503 
0.110095 72.338977 143.538548 1.028587 
0.110285 72.350884 143.507141 1.028491 
0.110069 72.347119 143.484032 1.028384 
0.110080 72.350529 143.470348 1.028410 
0.110357 72.348002 143.449080 1.028461 
0.110209 72.352770 143.437020 1.028449 
0.110257 72.353520 143.409562 1.028264 
0.110405 72.351186 143.395168 1.028464 
0.110407 72.349477 143.379222 1.028508 
0.110324 72.341076 143.354263 1.028306 
0.110059 72.349978 143.340165 1.028626 
0.110428 72.348123 143.323348 1.028533 
0.110284 72.350230 143.304075 1.028494 
0.110336 72.343703 143.281090 1.028455 
0.110262 72.357848 143.258151 1.028387 
0.110361 72.345644 143.250440 1.028300 
0.110225 72.348038 143.224859 1.028457 
0.110375 72.347690 143.207488 1.028401 
0.110139 72.336054 143.188160 1.028416 
0.110437 72.343968 143.172630 1.028256 
0.110350 72.342069 143.146042 1.028304 
0.110316 72.344826 143.134291 1.028275 
0.110334 72.341435 143.105656 1.028239 
0.110298 72.338509 143.094476 1.028191 
0.110358 72.338986 143.073517 1.028410 
0.110479 72.336770 143.060601 1.028309 
0.110295 72.345324 143.040093 1.028274 
0.110314 72.340978 143.020171 1.028430 
0.110318 72.348550 142.986771 1.028465 
0.110373 72.345835 142.971352 1.028350 
0.110350 72.352064 142.964260 1.028415 
0.110462 72.352369 142.951009 1.028297 
0.110444 72.346416 142.914305 1.028361 
0.110346 72.344421 142.898832 1.028497 
0.110158 72.354154 142.884389 1.028597 
0.110150 72.359428 142.866225 1.028390 
0.110276 72.360504 142.845474 1.028634 
0.110135 72.359471 142.825357 1.028495 
0.110082 72.356236 142.807819 1.028615 
0.110078 72.360090 142.786882 1.028615 
0.110157 72.362489 142.776964 1.028447 
0.110202 72.363862 142.749149 1.028499 
0.110103 72.366041 142.739011 1.028606 
0.110070 72.358979 142.715323 1.028486 
0.110189 72.361404 142.700238 1.028492 
0.110048 72.371475 142.685131 1.028452 
0.110196 72.374812 142.651563 1.028481 
0.110144 72.371642 142.643003 1.028555 
0.110052 72.370343 142.627265 1.028433 
0.109961 72.377706 142.610873 1.028416 
0.109591 72.376125 142.599068 1.028562 
0.110024 72.379574 142.572369 1.028688 
0.110119 72.381537 142.552599 1.028567 
0.110043 72.379910 142.545594 1.028655 
0.109964 72.384787 142.523001 1.028542 
0.110031 72.388839 142.508276 1.028608 
0.110157 72.383603 142.489093 1.028634 
0.109856 72.387183 142.468236 1.028480 
0.109931 72.391579 142.443444 1.028474 
0.109893 72.397579 142.436781 1.028396 
0.109839 72.391531 142.413119 1.028424 
0.110005 72.395955 142.391002 1.028564 
0.110007 72.398348 142.378654 1.028515 
0.109799 72.398592 142.359331 1.028563 
0.109833 72.391669 142.344291 1.028651 
0.109784 72.396121 142.326037 1.028598 
0.109603 72.392331 142.314742 1.028507 
0.109874 72.395857 142.289422 1.028366 
0.109678 72.395863 142.280082 1.028434 
0.109542 72.393347 142.262982 1.028391 
0.109692 72.388930 142.243832 1.028381 
0.109559 72.390463 142.229784 1.028481 
0.109544 72.390464 142.208332 1.028566 
0.109644 72.395797 142.201695 1.028435 
0.109480 72.392787 142.181089 1.028505 
0.109191 72.383372 142.166573 1.028552 
0.109416 72.380889 142.149294 1.028477 
0.109376 72.387062 142.130544 1.028534 
0.109246 72.388174 142.111979 1.028449 
0.109257 72.383798 142.113274 1.028464 
0.109227 72.382731 142.085705 1.028470 
0.109220 72.384334 142.067992 1.028285 
0.109198 72.383207 142.053629 1.028536 
0.109081 72.387564 142.027233 1.028303 
0.109088 72.393139 142.006968 1.028467 
0.109155 72.392024 141.998637 1.028407 
0.109015 72.395401 141.981903 1.028343 
0.109018 72.394761 141.959741 1.028501 
0.109166 72.394194 141.944843 1.028620 
0.109033 72.397459 141.931896 1.028408 
0.109116 72.401357 141.914716 1.028541 
0.109167 72.399247 141.901705 1.028511 
0.109122 72.393492 141.881874 1.028504 
0.109120 72.398170 141.869436 1.028525 
0.109159 72.393603 141.848247 1.028422 
0.108815 72.387816 141.840256 1.028393 
0.109070 72.390527 141.829762 1.028482 
0.109267 72.397073 141.809962 1.028435 
0.109188 72.386555 141.800866 1.028532 
0.109342 72.389759 141.788173 1.028287 
0.109097 72.395101 141.768388 1.028510 
0.108975 72.394942 141.763255 1.028397 
0.109394 72.392593 141.750966 1.028294 
0.109314 72.382537 141.734494 1.028475 
0.109467 72.385691 141.717596 1.028392 
0.109178 72.383093 141.698449 1.028409 
0.109455 72.388566 141.683420 1.028464 
0.109281 72.388147 141.671742 1.028552 
0.109593 72.386230 141.660258 1.028357 
0.109497 72.378231 141.647004 1.028650 
0.109663 72.378698 141.631133 1.028522 
0.109777 72.376965 141.617769 1.028483 
0.109907 72.381295 141.605253 1.028346 
0.109664 72.383529 141.589199 1.028511 
0.109905 72.379954 141.573457 1.028523 
0.109964 72.386813 141.554697 1.028426 
0.109870 72.381891 141.545386 1.028546 
0.109859 72.377049 141.533385 1.028537 
0.110174 72.378103 141.521514 1.028470 
0.110144 72.386103 141.494270 1.028522 
0.110107 72.377931 141.478091 1.028347 
0.110098 72.378125 141.465410 1.028615 
0.110016 72.373940 141.447995 1.028438 
0.110235 72.373250 141.437292 1.028402 
0.110130 72.369769 141.418698 1.028518 
0.110043 72.374748 141.401359 1.028290 
0.110168 72.374565 141.392848 1.028469 
0.110302 72.380422 141.374516 1.028569 
0.110027 72.372679 141.358134 1.028445 
0.109921 72.372968 141.342185 1.028493 
0.109998 72.366217 141.328594 1.028423 
0.110089 72.373924 141.316190 1.028409 
0.110324 72.367128 141.300614 1.028469 
0.110229 72.371999 141.285936 1.028509 
0.110121 72.372529 141.276049 1.028474 
0.110106 72.371199 141.264837 1.028491 
0.110098 72.372865 141.247160 1.028522 
0.110072 72.368307 141.234363 1.028559 
0.110047 72.367800 141.206014 1.028474 
0.109767 72.371273 141.199458 1.028594 
0.110011 72.364925 141.184028 1.028538 
0.110209 72.367282 141.170700 1.028445 
0.110050 72.364880 141.161040 1.028445 
0.109883 72.373165 141.146676 1.028428 
