0.201780 72.858279 206.045170 1.028384 
0.201493 72.862400 206.112806 1.028425 
0.201842 72.861073 206.169316 1.028505 
0.201493 72.859267 206.226246 1.028398 
0.201559 72.857354 206.299929 1.028493 
0.201565 72.863842 206.350978 1.028560 
0.201487 72.855131 206.407791 1.028637 
0.201622 72.858138 206.474767 1.028656 
0.201477 72.856332 206.529935 1.028367 
0.201664 72.861004 206.588394 1.028565 
0.201441 72.857068 206.649710 1.028503 
0.201323 72.849746 206.705942 1.028433 
0.201635 72.855209 206.764127 1.028417 
0.201415 72.856412 206.820389 1.028272 
0.201451 72.858945 206.881982 1.028736 
0.201516 72.861588 206.939405 1.028655 
0.201726 72.851929 206.994355 1.028513 
0.201441 72.850186 207.048732 1.028583 
0.201349 72.855571 207.114687 1.028581 
0.201232 72.851582 207.168316 1.028569 
0.201237 72.854918 207.225005 1.028678 
0.201282 72.849103 207.298855 1.028431 
0.201307 72.850442 207.345431 1.028762 
0.201049 72.850443 207.404292 1.028667 
0.201258 72.854563 207.464809 1.028679 
0.201327 72.849011 207.521468 1.028488 
0.201086 72.849668 207.579576 1.028609 
0.201101 72.849943 207.635431 1.028481 
0.201141 72.852496 207.684185 1.028590 
0.200778 72.846210 207.736392 1.028816 
0.200982 72.846558 207.781648 1.028466 
0.200934 72.852466 207.828702 1.028585 
0.200736 72.848373 207.885463 1.028595 
0.200633 72.836842 207.935871 1.028572 
0.200630 72.841369 207.987804 1.028555 
0.200486 72.835628 208.048273 1.028640 
0.200588 72.840613 208.091810 1.028603 
0.200509 72.835842 208.147435 1.028445 
0.200377 72.844491 208.194580 1.028445 
0.200338 72.843198 208.248099 1.028527 
0.200409 72.837383 208.295414 1.028324 
0.200345 72.839243 208.346051 1.028653 
0.200249 72.838984 208.402493 1.028455 
0.200173 72.834852 208.454226 1.028439 
0.200249 72.836559 208.496419 1.028535 
0.199984 72.838548 208.541635 1.028355 
0.200180 72.837455 208.595464 1.028446 
0.199706 72.841866 208.646060 1.028259 
0.199832 72.844920 208.702773 1.028337 
0.200065 72.840868 208.751133 1.028359 
0.199748 72.842077 208.790547 1.028327 
0.199906 72.840087 208.845024 1.028330 
0.199653 72.836760 208.891769 1.028410 
0.199775 72.841557 208.938882 1.028383 
0.199857 72.841749 208.981091 1.028486 
0.199568 72.840528 209.034904 1.028601 
0.199800 72.848260 209.085905 1.028672 
0.199705 72.844299 209.117824 1.028496 
0.199581 72.846504 209.166438 1.028455 
0.199577 72.844193 209.220713 1.028674 
0.199672 72.848254 209.263173 1.028650 
0.199491 72.851594 209.304155 1.028442 
0.199571 72.850400 209.351309 1.028442 
0.199416 72.850985 209.398671 1.028628 
0.199774 72.854159 209.437389 1.028347 
0.199591 72.849705 209.490852 1.028403 
0.199625 72.849140 209.533113 1.028586 
0.199611 72.851771 209.573647 1.028571 
0.199605 72.851484 209.626178 1.028526 
0.199562 72.845616 209.675558 1.028513 
0.199676 72.848120 209.725242 1.028487 
0.199709 72.853582 209.766308 1.028299 
0.199667 72.854947 209.813167 1.028410 
0.199470 72.855263 209.853611 1.028448 
0.199845 72.857126 209.902520 1.028433 
0.199444 72.850115 209.938948 1.028669 
0.199395 72.846172 209.986602 1.028506 
0.199571 72.842255 210.026080 1.028550 
0.199343 72.844684 210.062920 1.028545 
0.199510 72.850192 210.103421 1.028624 
0.199302 72.847793 210.157170 1.028522 
0.199903 72.850448 210.192599 1.028632 
0.199583 72.845813 210.231560 1.028418 
0.199661 72.845805 210.273147 1.028612 
0.199690 72.846538 210.313339 1.028512 
0.199590 72.844038 210.355586 1.028584 
0.199514 72.839733 210.388929 1.028569 
0.199381 72.842710 210.422177 1.028516 
0.199691 72.850840 210.465647 1.028530 
0.199674 72.845098 210.499808 1.028548 
0.199508 72.832143 210.535376 1.028585 
0.199760 72.836996 210.570618 1.028668 
0.199704 72.844248 210.614346 1.028455 
0.199915 72.842416 210.633582 1.028464 
0.199631 72.840462 210.674598 1.028492 
0.199481 72.841181 210.703181 1.028646 
0.199719 72.837283 210.739504 1.028468 
0.199728 72.831949 210.769362 1.028474 
0.199428 72.836679 210.811263 1.028710 
0.199670 72.833842 210.835876 1.028730 
0.199612 72.828778 210.865984 1.028486 
0.199733 72.836554 210.898221 1.028682 
0.199478 72.835034 210.930075 1.028535 
0.199488 72.838097 210.958655 1.028309 
0.199691 72.831591 210.984971 1.028460 
0.199477 72.834686 211.010830 1.028451 
0.199382 72.833414 211.040075 1.028381 
0.199303 72.829638 211.064366 1.028369 
0.199406 72.827232 211.092166 1.028246 
0.199573 72.827342 211.126944 1.028417 
0.199552 72.832124 211.162715 1.028345 
0.199171 72.826078 211.198101 1.028443 
0.199391 72.829834 211.223222 1.028520 
0.199429 72.835745 211.259916 1.028577 
0.199130 72.828420 211.293693 1.028470 
0.199187 72.830253 211.321846 1.028588 
0.199141 72.832532 211.365660 1.028568 
0.199172 72.843233 211.390310 1.028500 
0.198995 72.835898 211.414931 1.028424 
0.199098 72.834884 211.450528 1.028403 
0.199324 72.841788 211.474471 1.028411 
0.198988 72.838249 211.516483 1.028443 
0.199018 72.841487 211.550270 1.028382 
0.198987 72.838480 211.565070 1.028447 
0.199067 72.839923 211.591671 1.028520 
0.199048 72.848705 211.624553 1.028220 
0.199023 72.842023 211.644889 1.028389 
0.199015 72.841709 211.676387 1.028320 
0.199069 72.841975 211.706572 1.028433 
0.199011 72.843958 211.733259 1.028605 
0.198916 72.847303 211.756033 1.028600 
0.199108 72.851844 211.786337 1.028400 
0.199025 72.849725 211.815389 1.028568 
0.198903 72.850600 211.845972 1.028541 
0.198932 72.848513 211.870914 1.028471 
0.198907 72.854592 211.889939 1.028427 
0.198976 72.850286 211.917568 1.028494 
0.198877 72.848592 211.948906 1.028327 
0.198915 72.854934 211.963742 1.028491 
0.198822 72.851350 211.982979 1.028507 
0.198689 72.854768 212.011245 1.028563 
0.198590 72.851038 212.032577 1.028600 
0.198604 72.857062 212.056892 1.028600 
0.198626 72.860242 212.083678 1.028591 
0.198375 72.855780 212.100662 1.028539 
0.198770 72.861634 212.129838 1.028572 
0.198566 72.859908 212.143491 1.028603 
0.198572 72.860428 212.173208 1.028632 
0.198554 72.858538 212.205283 1.028644 
0.198323 72.866669 212.227079 1.028653 
0.198615 72.863048 212.245984 1.028425 
0.198422 72.871249 212.263099 1.028557 
0.198484 72.865612 212.285513 1.028622 
0.198484 72.867591 212.314423 1.028671 
0.198424 72.859713 212.329284 1.028532 
0.198635 72.864431 212.343108 1.028445 
0.198720 72.864467 212.367285 1.028430 
0.198740 72.860715 212.391082 1.028554 
0.198471 72.868721 212.417340 1.028619 
0.198804 72.867420 212.436207 1.028320 
0.198515 72.870286 212.458150 1.028443 
0.198772 72.863048 212.488361 1.028342 
0.198650 72.868164 212.503292 1.028339 
0.198820 72.870326 212.534344 1.028594 
0.198589 72.870218 212.558860 1.028413 
0.198847 72.860798 212.586969 1.028393 
0.198518 72.859324 212.606106 1.028475 
0.198680 72.858407 212.638609 1.028452 
0.198624 72.864529 212.660495 1.028478 
0.198636 72.861531 212.689541 1.028512 
0.198267 72.858289 212.709331 1.028568 
0.198431 72.863690 212.737970 1.028672 
0.198658 72.866436 212.772952 1.028386 
0.198465 72.858784 212.793043 1.028624 
0.198617 72.860793 212.819822 1.028554 
0.198331 72.864496 212.850636 1.028520 
0.198392 72.863596 212.870343 1.028532 
0.198537 72.866323 212.899617 1.028365 
0.198496 72.866234 212.921029 1.028600 
0.198350 72.872326 212.959501 1.028532 
0.198288 72.864937 212.985660 1.028568 
0.198244 72.870498 213.013226 1.028509 
0.198105 72.870115 213.039677 1.028396 
0.198229 72.871064 213.060623 1.028436 
0.198066 72.869944 213.082014 1.028630 
0.198203 72.867601 213.112609 1.028392 
0.198397 72.873696 213.139162 1.028377 
0.197945 72.875243 213.167443 1.028381 
0.198058 72.880296 213.197614 1.028384 
0.198007 72.883342 213.221663 1.028526 
0.198019 72.881903 213.247069 1.028401 
0.197925 72.886257 213.276293 1.028352 
0.197793 72.892922 213.303248 1.028457 
0.197842 72.894063 213.335248 1.028699 
0.197883 72.894867 213.364071 1.028606 
0.197819 72.896617 213.394474 1.028610 
0.197551 72.901364 213.421107 1.028709 
0.197668 72.903968 213.458316 1.028465 
0.197584 72.897542 213.486628 1.028451 
0.197468 72.911542 213.515022 1.028424 
