0.218432 74.834365 229.179956 1.024472 
0.214301 74.883326 232.718491 1.024375 
0.213804 74.889589 232.767584 1.024469 
0.213983 74.892587 232.816485 1.024488 
0.214148 74.890691 232.870384 1.024578 
0.213990 74.892543 232.918981 1.024494 
0.213707 74.889570 232.968172 1.024734 
0.213804 74.895227 233.009253 1.024492 
0.213783 74.894757 233.062222 1.024425 
0.213499 74.895707 233.113312 1.024554 
0.213848 74.898460 233.163726 1.024460 
0.213805 74.895703 233.212358 1.024394 
0.213813 74.893225 233.264585 1.024526 
0.213634 74.898109 233.316730 1.024547 
0.213986 74.901672 233.369917 1.024540 
0.213723 74.904714 233.422339 1.024493 
0.213491 74.896415 233.467133 1.024679 
0.213715 74.903262 233.526612 1.024509 
0.213436 74.900114 233.569307 1.024638 
0.213622 74.904610 233.628642 1.024525 
0.213558 74.902667 233.682874 1.024410 
0.213434 74.902090 233.742903 1.024575 
0.213597 74.904543 233.786220 1.024439 
0.213267 74.906031 233.843325 1.024492 
0.213273 74.896543 233.899444 1.024476 
0.213338 74.895736 233.945873 1.024562 
0.213614 74.898244 233.990496 1.024480 
0.213193 74.898347 234.052096 1.024739 
0.213399 74.901428 234.096563 1.024545 
0.213519 74.901753 234.145094 1.024393 
0.213241 74.897224 234.197453 1.024478 
0.213558 74.897511 234.243543 1.024576 
0.213382 74.903471 234.297203 1.024440 
0.213765 74.898240 234.347593 1.024596 
0.213631 74.896540 234.396495 1.024321 
0.213620 74.902198 234.447053 1.024559 
0.213531 74.898953 234.500474 1.024373 
0.213711 74.898279 234.549018 1.024433 
0.213204 74.893301 234.593658 1.024516 
0.213439 74.898229 234.639935 1.024558 
0.213183 74.898815 234.688712 1.024316 
0.213321 74.901515 234.733926 1.024473 
0.213263 74.906991 234.776731 1.024425 
0.213130 74.907975 234.814769 1.024446 
0.213159 74.909562 234.869380 1.024394 
0.213112 74.905781 234.909174 1.024362 
0.213202 74.907271 234.954458 1.024434 
0.213173 74.910264 234.998314 1.024529 
0.213095 74.915233 235.042808 1.024544 
0.212991 74.909074 235.079394 1.024488 
0.213087 74.918656 235.127481 1.024394 
0.213162 74.922124 235.172090 1.024461 
0.213118 74.918816 235.213022 1.024583 
0.213313 74.913892 235.254700 1.024417 
0.213339 74.917928 235.299438 1.024419 
0.213093 74.913707 235.336514 1.024478 
0.213401 74.920942 235.377832 1.024408 
0.213073 74.921804 235.423630 1.024571 
0.213196 74.929090 235.467721 1.024537 
0.213166 74.931871 235.499198 1.024692 
0.213454 74.927520 235.538823 1.024574 
0.213327 74.927207 235.579450 1.024461 
0.213075 74.929267 235.620697 1.024362 
0.213030 74.928228 235.658494 1.024531 
0.213263 74.935533 235.693564 1.024585 
0.213171 74.930810 235.738045 1.024617 
0.213262 74.927379 235.774883 1.024609 
0.213171 74.933464 235.818007 1.024573 
0.213313 74.928938 235.855348 1.024654 
0.213236 74.929811 235.892641 1.024583 
0.213285 74.936846 235.928593 1.024668 
0.213331 74.933565 235.978840 1.024395 
0.213285 74.937992 236.011008 1.024243 
0.213596 74.940377 236.045733 1.024454 
0.213308 74.924661 236.081336 1.024600 
0.213344 74.937924 236.111676 1.024574 
0.213384 74.931458 236.149713 1.024412 
0.213618 74.926589 236.187751 1.024627 
0.213488 74.934306 236.221214 1.024407 
0.213651 74.932972 236.252700 1.024374 
0.213594 74.933133 236.290156 1.024539 
0.213806 74.934614 236.333682 1.024313 
0.213790 74.938323 236.359463 1.024440 
0.213545 74.942522 236.392877 1.024511 
0.213857 74.938299 236.431770 1.024512 
0.213821 74.944606 236.462197 1.024625 
0.213840 74.940614 236.499335 1.024541 
0.213698 74.950657 236.531143 1.024649 
0.214074 74.954532 236.567339 1.024390 
0.213880 74.961071 236.606170 1.024731 
0.214001 74.960010 236.632653 1.024554 
0.214292 74.963926 236.675055 1.024621 
0.214354 74.974196 236.705722 1.024601 
0.214391 74.973465 236.751524 1.024480 
0.214268 74.970206 236.794513 1.024446 
0.214383 74.971518 236.830022 1.024686 
0.214253 74.977089 236.866791 1.024646 
0.214356 74.980936 236.903526 1.024466 
0.214278 74.973835 236.924966 1.024661 
0.214700 74.982616 236.971998 1.024474 
