0.185735 76.069013 206.954051 1.024435 
0.182734 76.086440 208.879259 1.024521 
0.182636 76.082505 208.901742 1.024541 
0.182681 76.087614 208.909423 1.024246 
0.182472 76.082933 208.926357 1.024415 
0.182449 76.080769 208.942842 1.024347 
0.182650 76.088451 208.957658 1.024505 
0.182605 76.087572 208.968588 1.024436 
0.182477 76.090739 208.980445 1.024386 
0.182248 76.083647 208.980390 1.024695 
0.182197 76.078476 209.004636 1.024494 
0.182277 76.077195 209.000973 1.024561 
0.182094 76.080176 209.019038 1.024553 
0.182183 76.074207 209.030670 1.024508 
0.182023 76.066494 209.043424 1.024396 
0.181750 76.077678 209.057272 1.024325 
0.181945 76.074330 209.069593 1.024309 
0.181949 76.074088 209.084180 1.024309 
0.182053 76.066781 209.090153 1.024451 
0.181882 76.069981 209.105010 1.024372 
0.181769 76.067114 209.121033 1.024529 
0.181583 76.064360 209.134908 1.024518 
0.181707 76.063896 209.154452 1.024393 
0.181511 76.070051 209.174070 1.024354 
0.181521 76.063258 209.178579 1.024362 
0.181566 76.056406 209.199464 1.024450 
0.181256 76.058683 209.216075 1.024411 
0.181402 76.055446 209.237677 1.024433 
0.181257 76.059591 209.243338 1.024420 
0.181115 76.056157 209.265414 1.024502 
0.181341 76.051115 209.269225 1.024707 
0.181091 76.060406 209.288477 1.024581 
0.181364 76.054511 209.301100 1.024530 
0.181249 76.055455 209.320996 1.024660 
0.181322 76.053936 209.335245 1.024395 
0.181120 76.045801 209.347139 1.024549 
0.181432 76.052968 209.356540 1.024547 
0.181190 76.052896 209.376258 1.024503 
0.181592 76.052556 209.376149 1.024544 
0.181425 76.048898 209.397329 1.024594 
0.181187 76.058133 209.409175 1.024550 
0.181399 76.055239 209.425355 1.024682 
0.181419 76.055760 209.436591 1.024687 
0.181496 76.049816 209.456486 1.024476 
0.181431 76.053121 209.463585 1.024571 
0.181413 76.058813 209.489651 1.024669 
0.181510 76.059725 209.502839 1.024690 
0.181334 76.061761 209.514445 1.024731 
0.181316 76.056020 209.531421 1.024639 
0.181231 76.056580 209.553286 1.024595 
0.181215 76.055595 209.560886 1.024683 
0.181354 76.054066 209.565587 1.024541 
0.181541 76.058200 209.584698 1.024673 
0.181178 76.050825 209.604502 1.024644 
0.181179 76.052230 209.607659 1.024590 
0.181253 76.051801 209.622623 1.024540 
0.180957 76.048013 209.632595 1.024410 
0.181341 76.048085 209.642232 1.024654 
0.181100 76.052053 209.662898 1.024614 
0.180959 76.050267 209.667278 1.024359 
0.180931 76.046284 209.680455 1.024350 
0.181002 76.056289 209.689750 1.024416 
0.180690 76.058933 209.693624 1.024328 
0.180493 76.062595 209.707113 1.024432 
0.180721 76.063192 209.705279 1.024491 
0.180826 76.061916 209.720334 1.024460 
0.180400 76.064089 209.734579 1.024402 
0.180400 76.064199 209.741121 1.024596 
0.180537 76.067181 209.750193 1.024627 
0.180625 76.063174 209.770779 1.024391 
0.180558 76.070162 209.778926 1.024512 
0.180455 76.070906 209.786558 1.024546 
0.180192 76.071507 209.797477 1.024501 
0.180473 76.064685 209.805253 1.024576 
0.180354 76.074904 209.806243 1.024508 
0.180525 76.072583 209.813929 1.024441 
0.180460 76.083727 209.828983 1.024584 
0.180265 76.074206 209.830070 1.024627 
0.180396 76.081237 209.840883 1.024437 
0.180280 76.083574 209.852197 1.024609 
0.180172 76.083488 209.860633 1.024503 
0.180039 76.083890 209.867350 1.024495 
0.179896 76.083380 209.875214 1.024583 
0.179824 76.089433 209.885818 1.024368 
0.179706 76.086125 209.901861 1.024469 
0.179802 76.092576 209.913387 1.024402 
0.179673 76.093578 209.928817 1.024569 
0.179518 76.089113 209.941486 1.024492 
0.179815 76.094659 209.950700 1.024562 
0.179735 76.104254 209.969256 1.024378 
0.179579 76.101978 209.974972 1.024330 
0.179642 76.108957 209.990509 1.024399 
0.179592 76.103634 210.008521 1.024429 
0.179826 76.107416 210.023592 1.024481 
0.179645 76.116109 210.030029 1.024497 
0.179719 76.116473 210.037947 1.024465 
0.179365 76.124282 210.052214 1.024305 
0.179728 76.127081 210.062663 1.024400 
0.179555 76.129410 210.072928 1.024571 
0.179738 76.135730 210.085981 1.024767 
