0.148506 76.591951 163.978330 1.024237 
0.158494 76.497054 170.401549 1.024336 
0.158327 76.497085 170.430247 1.024347 
0.158369 76.492553 170.465070 1.024575 
0.158182 76.492567 170.502961 1.024376 
0.158538 76.495747 170.533634 1.024352 
0.157973 76.489255 170.565335 1.024267 
0.158077 76.495124 170.603481 1.024347 
0.158226 76.486096 170.639835 1.024250 
0.157986 76.492785 170.671128 1.024183 
0.157848 76.479683 170.710885 1.024206 
0.158031 76.488367 170.738733 1.024306 
0.157659 76.492314 170.769607 1.024246 
0.157577 76.490184 170.806110 1.024229 
0.157689 76.488162 170.833225 1.024266 
0.157615 76.486607 170.874087 1.024309 
0.157711 76.490833 170.904898 1.024440 
0.157835 76.488773 170.927393 1.024445 
0.157678 76.493292 170.967406 1.024702 
0.157555 76.488158 170.993991 1.024608 
0.157649 76.490852 171.027041 1.024661 
0.157318 76.494316 171.066818 1.024545 
0.157722 76.499044 171.090489 1.024456 
0.157447 76.500008 171.128832 1.024410 
0.157675 76.490810 171.160190 1.024473 
0.157345 76.502344 171.189953 1.024436 
0.156938 76.509663 171.226099 1.024469 
0.157222 76.508090 171.262597 1.024614 
0.157349 76.504364 171.289402 1.024461 
0.157208 76.507360 171.317631 1.024373 
0.157018 76.506687 171.349557 1.024239 
0.157035 76.503514 171.381075 1.024209 
0.156818 76.508323 171.416602 1.024335 
0.156943 76.511165 171.442972 1.024370 
0.156788 76.513129 171.469109 1.024436 
0.156752 76.512553 171.505125 1.024373 
0.156510 76.507886 171.526367 1.024327 
0.156583 76.515532 171.563095 1.024402 
0.156581 76.510014 171.593201 1.024419 
0.156391 76.505747 171.625231 1.024451 
0.156571 76.506882 171.656518 1.024389 
0.156438 76.511352 171.684759 1.024477 
0.156277 76.508247 171.717551 1.024615 
0.156286 76.504963 171.743666 1.024523 
0.156242 76.507667 171.769529 1.024372 
0.156211 76.509071 171.803887 1.024469 
0.156219 76.517659 171.823277 1.024436 
0.156078 76.512690 171.845948 1.024369 
0.156155 76.510894 171.877649 1.024491 
0.156019 76.511893 171.900955 1.024570 
0.156034 76.505679 171.925944 1.024361 
0.155830 76.504216 171.948708 1.024519 
0.156007 76.507685 171.985396 1.024633 
0.156126 76.508752 172.010930 1.024406 
0.155860 76.514679 172.032091 1.024525 
0.155785 76.509473 172.058554 1.024496 
0.155772 76.505502 172.081399 1.024375 
0.155945 76.510765 172.095413 1.024654 
0.155798 76.506416 172.127153 1.024518 
0.156164 76.507486 172.142870 1.024420 
0.155842 76.508732 172.177058 1.024435 
0.155916 76.507408 172.194111 1.024452 
0.156171 76.506804 172.213625 1.024289 
0.155980 76.511373 172.238473 1.024243 
0.155910 76.505619 172.249463 1.024473 
0.155689 76.511056 172.279322 1.024323 
0.155746 76.507176 172.302798 1.024455 
0.156001 76.506212 172.325765 1.024455 
0.156143 76.508684 172.338349 1.024360 
0.155802 76.510655 172.364459 1.024401 
0.155784 76.502322 172.394062 1.024520 
0.155826 76.502346 172.411241 1.024559 
0.155896 76.499002 172.427169 1.024558 
0.155837 76.499969 172.444341 1.024621 
0.155868 76.494171 172.466736 1.024452 
0.155864 76.499975 172.490301 1.024483 
0.155858 76.493633 172.515574 1.024539 
0.155888 76.499727 172.538665 1.024565 
0.156019 76.495273 172.557745 1.024523 
0.155785 76.494665 172.575688 1.024522 
0.156080 76.491806 172.595325 1.024564 
0.156220 76.490672 172.620528 1.024283 
0.156078 76.496309 172.631384 1.024251 
0.156243 76.493524 172.655284 1.024354 
0.156174 76.486578 172.668813 1.024346 
0.156109 76.487438 172.700721 1.024196 
0.156025 76.487345 172.714053 1.024475 
0.156175 76.487222 172.732301 1.024449 
0.156118 76.483436 172.761530 1.024214 
0.156141 76.485192 172.773939 1.024516 
0.156181 76.481807 172.797121 1.024477 
0.156308 76.478755 172.816282 1.024483 
0.156177 76.471837 172.834818 1.024355 
0.156258 76.481916 172.853601 1.024502 
0.156173 76.483648 172.877901 1.024555 
0.156139 76.480067 172.889740 1.024439 
0.156339 76.474033 172.905338 1.024506 
0.156347 76.474785 172.914494 1.024519 
0.156277 76.475163 172.938708 1.024544 
0.156033 76.474139 172.950058 1.024464 
