0.196043 72.470560 207.596166 1.036830 
0.110759 72.819524 161.210224 1.036818 
0.110924 72.818647 161.119018 1.036767 
0.110704 72.826372 161.022541 1.036808 
0.110692 72.814832 160.925947 1.036747 
0.110785 72.822785 160.830075 1.036868 
0.110739 72.828513 160.736661 1.036845 
0.110853 72.824151 160.637312 1.036718 
0.110833 72.825454 160.552384 1.036917 
0.110815 72.818857 160.457546 1.037036 
0.110905 72.823369 160.368032 1.037050 
0.110910 72.825229 160.279474 1.036689 
0.110854 72.822081 160.183803 1.036901 
0.110883 72.819684 160.091627 1.036703 
0.110939 72.812963 159.997647 1.036831 
0.110940 72.813836 159.919999 1.036882 
0.110900 72.831381 159.820778 1.036914 
0.110850 72.827197 159.739483 1.036886 
0.110857 72.824650 159.652307 1.036882 
0.111017 72.831535 159.561563 1.036632 
0.110744 72.836178 159.484842 1.036883 
0.110811 72.823839 159.401879 1.036897 
0.110555 72.830509 159.308580 1.036963 
0.110938 72.822574 159.227086 1.036930 
0.110729 72.825332 159.150602 1.036835 
0.110849 72.818001 159.063785 1.036864 
0.110752 72.820085 158.985089 1.036926 
0.110963 72.832798 158.907567 1.036980 
0.110870 72.824064 158.818705 1.036943 
0.110902 72.828938 158.735539 1.036914 
0.110738 72.826085 158.649744 1.036901 
0.110857 72.827262 158.572598 1.036691 
0.110872 72.827003 158.489816 1.036810 
0.110799 72.823521 158.411369 1.036881 
0.111055 72.825706 158.328253 1.036911 
0.110975 72.832020 158.243326 1.036795 
0.111122 72.831797 158.165020 1.036576 
0.110821 72.832733 158.083359 1.036771 
0.111123 72.827332 157.999586 1.036779 
0.111236 72.834991 157.928645 1.036630 
0.110907 72.834599 157.841802 1.036602 
0.111113 72.839647 157.762002 1.036670 
0.110869 72.831611 157.688476 1.036789 
0.111012 72.835705 157.607192 1.036716 
0.110819 72.822156 157.525051 1.036784 
0.110982 72.831517 157.452102 1.036672 
0.110774 72.835134 157.366658 1.036782 
0.110948 72.839028 157.292250 1.036761 
0.110889 72.834329 157.207993 1.036653 
0.110702 72.836231 157.128645 1.036838 
0.110931 72.831921 157.049516 1.036868 
0.110970 72.834380 156.967237 1.036955 
0.110798 72.840760 156.890743 1.037129 
0.110961 72.837231 156.805414 1.037121 
0.110934 72.837824 156.735341 1.037036 
0.111012 72.838078 156.656378 1.037011 
0.110813 72.829666 156.578573 1.036847 
0.111131 72.836944 156.498121 1.036837 
0.111075 72.839482 156.426643 1.036650 
0.110733 72.836966 156.351240 1.036813 
0.111198 72.833182 156.282308 1.036914 
0.111035 72.833867 156.204311 1.036799 
0.111086 72.835847 156.127908 1.036655 
0.111176 72.832454 156.052898 1.036737 
0.110927 72.838173 155.974019 1.036647 
0.110836 72.835521 155.908571 1.036660 
0.110933 72.841251 155.829127 1.036691 
0.110867 72.835835 155.759296 1.036926 
0.110841 72.833865 155.689983 1.036899 
0.110753 72.840197 155.618848 1.036823 
0.110855 72.842475 155.544442 1.036833 
0.110862 72.844865 155.472736 1.036946 
0.110550 72.838956 155.399968 1.036768 
0.110670 72.849063 155.330919 1.036683 
0.110694 72.852688 155.261872 1.036833 
0.110613 72.848042 155.189667 1.036764 
0.110669 72.850027 155.126427 1.036937 
0.110451 72.851536 155.051905 1.036651 
0.110554 72.856362 154.989753 1.036641 
0.110624 72.854336 154.922294 1.036763 
0.110194 72.857505 154.859452 1.036631 
0.110465 72.860602 154.791199 1.036612 
0.110259 72.862472 154.728826 1.036609 
0.110183 72.868673 154.655539 1.036777 
0.110313 72.870041 154.589420 1.036671 
0.110293 72.870880 154.526938 1.036578 
0.110338 72.866356 154.468774 1.036751 
0.110099 72.884894 154.398178 1.036732 
0.110192 72.880919 154.331703 1.036674 
0.110536 72.879090 154.260178 1.036776 
0.110285 72.886175 154.195047 1.036799 
0.110257 72.887159 154.141289 1.036682 
0.110335 72.891575 154.070833 1.036656 
0.110370 72.891657 154.006806 1.036612 
0.110285 72.894659 153.947265 1.036800 
0.110295 72.900472 153.876503 1.036829 
0.110249 72.900514 153.817277 1.036638 
0.110356 72.901868 153.760363 1.036844 
0.110126 72.900508 153.690287 1.036679 
0.110186 72.904546 153.630067 1.036548 
0.110247 72.897881 153.569828 1.036552 
0.110046 72.903026 153.508329 1.036684 
0.110125 72.899255 153.454603 1.036687 
0.110171 72.897834 153.390618 1.036882 
0.110112 72.900469 153.330885 1.036787 
0.110165 72.897131 153.261598 1.036493 
0.109972 72.896591 153.211157 1.036655 
0.110019 72.897752 153.158124 1.036724 
0.109820 72.894441 153.091431 1.036741 
0.109858 72.892988 153.032573 1.036618 
0.109816 72.892554 152.978115 1.036641 
0.109939 72.889954 152.929928 1.036848 
0.110073 72.876701 152.858120 1.036635 
0.109810 72.873599 152.800218 1.036573 
0.109776 72.881036 152.754591 1.036675 
0.109869 72.886698 152.695970 1.036666 
0.109768 72.876490 152.636575 1.036710 
0.109580 72.882513 152.579426 1.036537 
0.109680 72.885695 152.518987 1.036555 
0.109483 72.873414 152.468597 1.036597 
0.109940 72.888236 152.406070 1.036659 
0.109758 72.895938 152.339695 1.036664 
0.109677 72.896139 152.281571 1.036857 
0.109506 72.896394 152.226361 1.036746 
0.109641 72.885885 152.153025 1.036647 
0.109637 72.891345 152.094254 1.036754 
0.109441 72.883668 152.040333 1.036591 
0.109547 72.888114 151.983664 1.036785 
0.109251 72.892930 151.914325 1.036765 
0.109430 72.887700 151.857918 1.036789 
0.109502 72.897314 151.807596 1.036706 
0.109164 72.897956 151.744567 1.036553 
0.109548 72.894381 151.689372 1.036472 
0.109009 72.892094 151.634781 1.036496 
0.109316 72.890061 151.579569 1.036705 
0.109177 72.889856 151.522816 1.036531 
0.109091 72.891313 151.462235 1.036580 
0.109402 72.894971 151.406534 1.036575 
0.109033 72.893487 151.361161 1.036564 
0.109124 72.894023 151.309288 1.036803 
0.109109 72.898873 151.255538 1.036699 
0.109273 72.902061 151.195227 1.036754 
0.109174 72.892469 151.147209 1.036649 
0.109344 72.901289 151.099562 1.036507 
0.108946 72.898690 151.049911 1.036739 
0.109230 72.905342 151.010750 1.036649 
0.108967 72.908027 150.962208 1.036818 
0.109122 72.904524 150.912128 1.036806 
0.109241 72.907107 150.877173 1.036813 
0.109288 72.902873 150.824960 1.036903 
0.109164 72.909304 150.786627 1.036652 
0.109173 72.909377 150.748905 1.036902 
0.109415 72.910494 150.704916 1.036795 
0.108990 72.906409 150.655887 1.036658 
0.109052 72.915816 150.616348 1.036919 
0.109196 72.914535 150.565570 1.036627 
0.109081 72.917372 150.527329 1.036678 
0.108954 72.915629 150.481116 1.036756 
0.109136 72.904449 150.438248 1.036606 
0.109094 72.917370 150.393269 1.036593 
0.109049 72.919515 150.355379 1.036613 
0.108774 72.911964 150.317671 1.036612 
0.109058 72.913047 150.269839 1.036942 
0.109008 72.918401 150.228570 1.036565 
0.109041 72.912153 150.189360 1.036827 
0.108767 72.916827 150.149877 1.036718 
0.108713 72.916077 150.099505 1.036869 
0.109022 72.914649 150.060430 1.036855 
0.108762 72.914583 150.021627 1.036675 
0.108659 72.914260 149.985835 1.036694 
0.108772 72.921115 149.934892 1.036760 
0.108724 72.914073 149.890442 1.036730 
0.108890 72.919770 149.851856 1.036810 
0.108756 72.927360 149.804174 1.036797 
0.108472 72.926970 149.760828 1.036716 
0.108607 72.927731 149.725163 1.036491 
0.108654 72.927630 149.676581 1.036678 
0.108278 72.931389 149.636540 1.036751 
0.108520 72.925662 149.592761 1.036872 
0.108671 72.932631 149.551163 1.036692 
0.108222 72.939202 149.511356 1.036653 
0.108430 72.946568 149.475759 1.036729 
0.108399 72.941349 149.436887 1.036662 
0.108177 72.947878 149.395212 1.036788 
0.108161 72.939517 149.363209 1.036781 
0.108176 72.947955 149.324158 1.036776 
0.108406 72.948118 149.293516 1.036656 
0.108217 72.952399 149.254491 1.036585 
0.108289 72.950478 149.212009 1.036640 
0.108078 72.951960 149.178555 1.036548 
0.108226 72.953954 149.143728 1.036592 
0.108037 72.953557 149.097559 1.036779 
0.107857 72.951967 149.065138 1.036798 
0.108014 72.955797 149.024237 1.036616 
0.108039 72.957748 148.989801 1.036648 
0.108186 72.957069 148.954410 1.036646 
0.108028 72.965333 148.917231 1.036766 
0.108378 72.962640 148.883230 1.036829 
0.108114 72.970489 148.844482 1.036851 
0.108047 72.965747 148.809056 1.036691 
