0.149554 73.027584 174.164495 1.036820 
0.179410 73.307808 195.784294 1.036862 
0.179924 73.300390 195.949646 1.036959 
0.179800 73.310807 196.123263 1.036989 
0.180204 73.311166 196.293781 1.036830 
0.180557 73.310515 196.465506 1.036883 
0.180797 73.320524 196.631887 1.036919 
0.180907 73.318875 196.800886 1.036961 
0.181223 73.317680 196.965086 1.036807 
0.181320 73.318069 197.126780 1.036790 
0.181830 73.321383 197.285184 1.036852 
0.182022 73.319544 197.442432 1.036805 
0.182223 73.321811 197.616096 1.036841 
0.182528 73.320055 197.768143 1.036939 
0.182631 73.326811 197.934660 1.036911 
0.182775 73.315292 198.085386 1.036622 
0.183211 73.324530 198.249548 1.036692 
0.183264 73.331988 198.409750 1.036780 
0.183680 73.330512 198.565569 1.036802 
0.183879 73.330979 198.718285 1.036750 
0.183987 73.341304 198.870847 1.036598 
0.184274 73.339263 199.023753 1.036644 
0.184554 73.334435 199.167185 1.036780 
0.184783 73.334686 199.325871 1.036934 
0.184712 73.336867 199.469951 1.036832 
0.185293 73.333692 199.610615 1.036826 
0.185303 73.325791 199.760426 1.036842 
0.185863 73.342268 199.912089 1.036844 
0.185824 73.337146 200.050271 1.036922 
0.186151 73.341049 200.201818 1.036937 
0.186313 73.324439 200.330881 1.036882 
0.186550 73.334246 200.472901 1.036758 
0.186839 73.338969 200.615550 1.036769 
0.186622 73.342771 200.757317 1.036656 
0.187222 73.342386 200.893724 1.037021 
0.187315 73.344683 201.032936 1.036727 
0.187526 73.340958 201.166350 1.036811 
0.187832 73.333791 201.292818 1.036808 
0.188081 73.341281 201.449278 1.036791 
0.188477 73.344278 201.577119 1.036884 
0.188453 73.344229 201.708006 1.036977 
0.188921 73.334792 201.841055 1.036636 
0.189090 73.341857 201.970335 1.036740 
0.189265 73.342130 202.109752 1.036822 
0.189299 73.341902 202.231537 1.036708 
0.189971 73.309859 202.339977 1.036973 
0.189864 73.307438 202.465058 1.036685 
0.190071 73.307150 202.596420 1.036864 
0.190513 73.306038 202.721465 1.036678 
0.190384 73.303241 202.861140 1.036811 
0.190937 73.299374 202.980272 1.036818 
0.190925 73.310847 203.115438 1.037022 
0.191333 73.308184 203.242224 1.036860 
0.191531 73.310902 203.382923 1.036867 
0.191575 73.348934 203.528956 1.036824 
0.191985 73.320013 203.630384 1.036850 
0.192107 73.343597 203.773176 1.036806 
0.192164 73.313659 203.873401 1.036746 
0.192230 73.343529 204.014809 1.036843 
0.192456 73.349049 204.141794 1.037052 
0.192591 73.336388 204.253075 1.037082 
0.192651 73.308484 204.352648 1.036869 
0.192746 73.345289 204.492357 1.036923 
0.193114 73.341525 204.611057 1.037112 
0.193079 73.339724 204.720718 1.036729 
0.193402 73.347061 204.836746 1.036919 
0.193485 73.349535 204.952634 1.037061 
0.193488 73.341676 205.070418 1.036843 
0.193687 73.345291 205.184190 1.036757 
0.193720 73.343822 205.298228 1.036910 
0.193982 73.355204 205.402212 1.036816 
0.194114 73.345689 205.516037 1.036744 
0.194307 73.362545 205.636636 1.036697 
0.194237 73.338147 205.734017 1.036783 
0.194328 73.346352 205.849395 1.036648 
0.194300 73.352184 205.953612 1.036651 
0.194523 73.366098 206.063913 1.036641 
0.194676 73.362971 206.178284 1.036780 
0.194688 73.366736 206.288329 1.036783 
0.194804 73.353274 206.384867 1.036809 
0.195091 73.343651 206.487056 1.036853 
0.194948 73.369173 206.594620 1.036825 
0.194974 73.366198 206.702176 1.036861 
0.195324 73.374481 206.807125 1.036874 
0.195461 73.365201 206.911735 1.036725 
0.195613 73.330442 206.990909 1.036888 
0.195853 73.363150 207.110431 1.036717 
0.195878 73.363517 207.209774 1.036638 
0.195798 73.363336 207.316260 1.036838 
0.196100 73.365330 207.419000 1.037035 
0.196340 73.363820 207.510813 1.036938 
0.196057 73.361871 207.624546 1.036715 
0.196352 73.366080 207.708463 1.036937 
0.196552 73.357917 207.809728 1.036914 
0.196489 73.358844 207.908105 1.037046 
0.196833 73.353744 208.000243 1.036865 
0.196894 73.357262 208.098637 1.036833 
0.196910 73.354220 208.194194 1.036885 
0.197048 73.357934 208.286572 1.036682 
0.197026 73.342027 208.364667 1.036685 
0.197262 73.343050 208.458081 1.036892 
0.197430 73.336199 208.545943 1.036765 
0.197355 73.331885 208.627736 1.036674 
0.197233 73.334368 208.725630 1.036663 
0.197634 73.328192 208.811004 1.036819 
0.197805 73.339910 208.897687 1.036697 
0.198050 73.341991 208.988813 1.036799 
0.197949 73.342554 209.067280 1.036747 
0.198168 73.339998 209.150074 1.036812 
0.198320 73.341578 209.239771 1.036858 
0.198175 73.347194 209.327989 1.036744 
0.198490 73.347348 209.403622 1.036825 
0.198497 73.345268 209.495516 1.036815 
0.198545 73.335497 209.584945 1.036757 
0.198714 73.339545 209.662402 1.036799 
0.198854 73.334757 209.749754 1.036865 
0.199156 73.335824 209.835271 1.036669 
0.198928 73.326152 209.916238 1.036887 
0.199082 73.328010 210.003610 1.036723 
0.199291 73.326630 210.086599 1.036811 
0.199457 73.334871 210.174127 1.036717 
0.199666 73.342076 210.263577 1.036768 
0.199579 73.343247 210.351093 1.036765 
0.199822 73.342196 210.435788 1.036831 
0.200021 73.345682 210.517159 1.036917 
0.200312 73.345133 210.602872 1.036827 
0.200244 73.342543 210.689051 1.036717 
0.200239 73.343635 210.768459 1.036748 
0.200416 73.342842 210.848449 1.036761 
0.200755 73.348322 210.928352 1.036797 
0.200474 73.346134 211.007633 1.036873 
0.200722 73.349540 211.094120 1.036986 
0.200945 73.353601 211.174537 1.036915 
0.201148 73.349548 211.252959 1.036794 
0.201090 73.352852 211.348328 1.036861 
0.201257 73.348048 211.420780 1.037016 
0.201423 73.350318 211.499066 1.036758 
0.201213 73.348536 211.567993 1.036863 
0.201379 73.351526 211.646989 1.036597 
0.201357 73.346668 211.726181 1.036691 
0.201576 73.340014 211.799102 1.036633 
0.201600 73.342950 211.876491 1.036601 
0.201781 73.343821 211.959779 1.036663 
0.201581 73.351575 212.029238 1.036635 
0.201635 73.355723 212.111052 1.036709 
0.201721 73.337788 212.177688 1.036821 
0.201774 73.344376 212.259341 1.036609 
0.201879 73.322709 212.309149 1.036589 
0.201595 73.343873 212.400154 1.036733 
0.201816 73.342632 212.468228 1.036784 
0.201867 73.353960 212.551670 1.036882 
0.201929 73.349998 212.623973 1.036721 
0.201736 73.349595 212.700223 1.036684 
0.201812 73.338177 212.764640 1.036786 
0.202024 73.356224 212.851839 1.036794 
0.202047 73.351800 212.925569 1.036827 
0.201845 73.356505 212.991168 1.036983 
0.201956 73.352213 213.071988 1.036800 
0.201867 73.353087 213.133579 1.037055 
0.201655 73.323329 213.204510 1.036825 
0.202020 73.361014 213.294518 1.037005 
0.201806 73.355854 213.363923 1.037039 
0.201833 73.359612 213.444213 1.037132 
0.202156 73.353239 213.510387 1.036820 
0.202050 73.353937 213.583946 1.037009 
0.202072 73.351128 213.648150 1.036988 
0.202407 73.341741 213.726921 1.036823 
0.202031 73.343438 213.805893 1.036693 
0.202219 73.352087 213.877506 1.036698 
0.202235 73.347110 213.948763 1.036896 
0.202332 73.323024 214.010371 1.036978 
0.202177 73.345023 214.087439 1.036817 
0.202279 73.352184 214.157875 1.036872 
0.202294 73.352426 214.225811 1.036659 
0.202477 73.349653 214.297770 1.036908 
0.202144 73.348706 214.359993 1.036967 
0.202448 73.365168 214.431553 1.036948 
0.202243 73.355808 214.494058 1.036795 
0.202529 73.365289 214.564528 1.036719 
0.202340 73.359881 214.629132 1.036790 
0.202456 73.365270 214.690380 1.037013 
0.202429 73.362582 214.766372 1.036815 
0.202333 73.366730 214.838010 1.036862 
0.202479 73.350976 214.886557 1.036814 
0.202221 73.365667 214.958918 1.036978 
0.202294 73.350320 215.026696 1.036863 
0.202138 73.355653 215.091954 1.036885 
0.202067 73.364389 215.152554 1.036913 
0.202140 73.371945 215.226727 1.036792 
0.202299 73.361346 215.292499 1.036968 
0.202399 73.365923 215.359812 1.036952 
0.202304 73.364566 215.434421 1.036992 
0.202261 73.371487 215.488797 1.036841 
0.202240 73.368758 215.556921 1.036994 
0.202293 73.363854 215.632351 1.036697 
0.202344 73.369034 215.687004 1.036836 
0.201978 73.365882 215.754687 1.036999 
0.202234 73.363070 215.809867 1.036716 
0.202131 73.379618 215.869864 1.036844 
0.202355 73.371015 215.933692 1.036831 
