0.139860 72.978321 160.122698 1.036743 
0.140020 72.981647 160.235490 1.036704 
0.140425 72.980609 160.354962 1.036819 
0.140466 72.991279 160.482053 1.036708 
0.140914 72.983962 160.598481 1.036864 
0.140924 72.979797 160.722190 1.036871 
0.141360 72.975184 160.836953 1.036880 
0.141588 72.977421 160.949654 1.036930 
0.142033 72.976190 161.063095 1.036920 
0.142165 72.976037 161.175390 1.036837 
0.142151 72.976144 161.292203 1.036969 
0.142672 72.974664 161.408095 1.036941 
0.142847 72.972185 161.523066 1.036966 
0.143052 72.974369 161.638183 1.036814 
0.143421 72.965169 161.743966 1.037091 
0.143485 72.970815 161.848369 1.036964 
0.143530 72.969606 161.960380 1.037033 
0.143825 72.970669 162.071191 1.037055 
0.143922 72.972156 162.174246 1.036972 
0.144567 72.968047 162.281586 1.036897 
0.144596 72.953097 162.378870 1.036866 
0.144495 72.968512 162.489977 1.036901 
0.144989 72.961842 162.585052 1.036888 
0.145066 72.964328 162.695631 1.036785 
0.145319 72.961448 162.800772 1.036896 
0.145467 72.966538 162.894982 1.036823 
0.145765 72.967471 163.000382 1.036961 
0.145787 72.967424 163.097174 1.037092 
0.145935 72.961927 163.196108 1.036950 
0.146029 72.966755 163.293721 1.036999 
0.146274 72.964525 163.389391 1.036794 
0.146334 72.959179 163.484838 1.036802 
0.146574 72.961864 163.597318 1.036719 
0.146534 72.948567 163.671393 1.036767 
0.146731 72.955132 163.783923 1.036717 
0.146897 72.954141 163.877296 1.036742 
0.147087 72.952550 163.965934 1.036839 
0.147127 72.952687 164.061492 1.036846 
0.147089 72.959139 164.162645 1.036795 
0.147288 72.954906 164.252661 1.036795 
0.147434 72.957250 164.341093 1.036794 
0.147578 72.948697 164.434867 1.036746 
0.147672 72.951992 164.518773 1.036828 
0.147721 72.945088 164.612506 1.036887 
0.147766 72.950394 164.710706 1.036890 
0.147914 72.953361 164.800425 1.036717 
0.147983 72.952245 164.899587 1.036843 
0.148204 72.944841 164.980540 1.036832 
0.148278 72.945461 165.078131 1.036824 
0.148349 72.950460 165.170501 1.036609 
0.148357 72.942058 165.259491 1.036884 
0.148531 72.941777 165.344766 1.037001 
0.148441 72.948755 165.436726 1.036858 
0.148587 72.954031 165.525371 1.036864 
0.148651 72.948422 165.617716 1.036800 
0.148563 72.946969 165.704191 1.036786 
0.148721 72.949664 165.795500 1.036922 
0.148715 72.944880 165.877263 1.036882 
0.148805 72.947621 165.970410 1.036828 
0.148565 72.954240 166.056863 1.036880 
0.148761 72.956968 166.143023 1.036786 
0.148865 72.957532 166.228690 1.036937 
0.148716 72.957597 166.310152 1.036883 
0.148687 72.957170 166.397418 1.036784 
0.148641 72.957741 166.480329 1.036878 
0.148935 72.962195 166.559476 1.036868 
0.148631 72.961318 166.639729 1.036729 
0.148646 72.969389 166.726198 1.036775 
0.148626 72.972893 166.798832 1.036946 
0.148624 72.963777 166.883474 1.036908 
0.148684 72.973693 166.970125 1.036663 
0.148637 72.973496 167.050419 1.036771 
0.148662 72.981933 167.127172 1.036910 
0.148697 72.988543 167.201302 1.036799 
0.148400 72.980105 167.282729 1.036724 
0.148533 72.980829 167.350626 1.036860 
0.148549 72.984191 167.438070 1.036813 
0.148361 72.989235 167.526034 1.036825 
0.148269 72.988835 167.594563 1.036797 
0.148637 72.990141 167.672364 1.036605 
0.148387 72.993331 167.749363 1.036875 
0.148367 72.993257 167.820511 1.036732 
0.148522 72.996868 167.896170 1.036920 
0.148595 72.994676 167.966263 1.036988 
0.148661 72.994885 168.045127 1.036859 
0.148687 72.998478 168.121338 1.036729 
0.148366 72.998209 168.197558 1.036868 
0.148889 73.008806 168.273023 1.036779 
0.148683 73.005889 168.348764 1.036620 
0.148707 73.001105 168.424708 1.036730 
0.148867 73.008371 168.491702 1.036873 
0.148970 73.010802 168.566599 1.036768 
0.149092 73.014916 168.647743 1.036887 
0.149355 73.010490 168.710615 1.036785 
0.149234 73.005360 168.786499 1.036809 
0.149076 73.005426 168.861276 1.036771 
0.149062 73.014335 168.926495 1.036853 
0.149430 73.019437 168.987024 1.036815 
0.149276 73.015049 169.059496 1.036860 
0.149514 73.012359 169.126000 1.036808 
0.149575 73.009004 169.196609 1.036693 
0.149592 73.012858 169.256742 1.036941 
0.149629 73.007473 169.333401 1.036839 
0.149547 73.017859 169.394164 1.036709 
0.149636 73.013866 169.450871 1.036885 
0.149586 73.021810 169.518520 1.036870 
0.149806 73.021174 169.585232 1.036757 
0.149819 73.023359 169.642157 1.036750 
0.149773 73.022324 169.706658 1.036792 
0.149838 73.024910 169.771457 1.036832 
0.149961 73.026760 169.841911 1.036873 
0.149831 73.023090 169.899038 1.036919 
0.150000 73.022724 169.961919 1.036864 
0.150032 73.029195 170.023316 1.036806 
0.149913 73.034200 170.077753 1.036700 
0.150034 73.028032 170.145272 1.036876 
0.149868 73.028978 170.204473 1.036683 
0.149994 73.027094 170.263161 1.036991 
0.149911 73.031225 170.324222 1.036622 
0.150155 73.034794 170.377251 1.036796 
0.150036 73.036817 170.433492 1.036948 
0.149995 73.036538 170.495769 1.036962 
0.150006 73.037412 170.560557 1.036882 
0.150045 73.046587 170.610250 1.036737 
0.149918 73.042661 170.679812 1.036813 
0.150014 73.050360 170.735323 1.036968 
0.150053 73.051860 170.786741 1.036871 
0.149953 73.048279 170.843872 1.036903 
0.149867 73.050133 170.895683 1.036650 
0.149826 73.046703 170.953643 1.036595 
0.149952 73.051956 171.015986 1.036844 
0.149857 73.053757 171.064644 1.037021 
0.150016 73.053115 171.119529 1.036741 
0.149868 73.054762 171.179607 1.036872 
0.150030 73.049665 171.238262 1.036696 
0.149734 73.048756 171.292964 1.036559 
0.149877 73.041207 171.344037 1.036821 
0.149822 73.046752 171.396666 1.036778 
0.149707 73.050586 171.459133 1.036912 
0.149675 73.053852 171.508721 1.036877 
0.149695 73.053918 171.571137 1.036780 
0.149541 73.037222 171.622492 1.036828 
0.149325 73.044738 171.685314 1.036717 
0.149605 73.046328 171.719579 1.036771 
0.149463 73.040444 171.783590 1.036895 
0.149585 73.045538 171.827834 1.036817 
0.149431 73.038258 171.877407 1.036781 
0.149341 73.036522 171.930602 1.036931 
0.149277 73.032330 171.987595 1.036911 
0.149145 73.036849 172.037964 1.037015 
0.149161 73.043594 172.085402 1.036819 
0.149056 73.035605 172.129562 1.036612 
0.149011 73.038530 172.176735 1.036737 
0.148827 73.035147 172.233700 1.036786 
0.148768 73.032059 172.277313 1.036854 
0.148771 73.027525 172.323439 1.036753 
0.148542 73.029856 172.376851 1.036792 
0.148592 73.037931 172.419778 1.036530 
0.148664 73.029516 172.470582 1.036864 
0.148701 73.027270 172.518704 1.036756 
0.148492 73.034069 172.564024 1.036745 
0.148404 73.029486 172.608883 1.036697 
0.148508 73.035950 172.657949 1.036730 
0.148314 73.033719 172.702074 1.036732 
0.148430 73.037374 172.741904 1.036846 
0.148531 73.036554 172.780187 1.036909 
0.148367 73.042895 172.835216 1.036669 
0.148567 73.034824 172.870973 1.036643 
0.148245 73.032101 172.917309 1.036829 
0.148669 73.033581 172.961772 1.036655 
0.148441 73.039797 173.003138 1.036753 
0.148325 73.039411 173.036847 1.036816 
0.148431 73.037247 173.078741 1.036513 
0.148440 73.036162 173.121469 1.036668 
0.148460 73.035860 173.155114 1.036601 
0.148439 73.032323 173.200769 1.036800 
0.148640 73.013414 173.227022 1.036732 
0.148652 73.030587 173.288458 1.036780 
0.148679 73.032919 173.322101 1.036979 
0.148656 73.029770 173.361345 1.036687 
0.148747 73.036336 173.400055 1.036849 
0.148716 73.034977 173.436430 1.036808 
0.148721 73.027234 173.481025 1.036564 
0.148922 73.030259 173.524872 1.036900 
0.149104 73.031406 173.559488 1.036772 
0.148858 73.033864 173.604152 1.036879 
0.149092 73.033165 173.645451 1.036791 
0.149057 73.029903 173.687059 1.036853 
0.149239 73.017875 173.719318 1.036899 
0.149057 73.014064 173.758772 1.036811 
0.149291 73.019393 173.788932 1.036665 
0.149354 73.013114 173.831942 1.036547 
0.149403 73.012807 173.873744 1.036797 
0.149268 73.014857 173.911831 1.036576 
0.149238 73.019250 173.946537 1.036881 
0.149658 73.027461 173.987902 1.036500 
0.149467 73.025638 174.027811 1.036798 
0.149536 73.027795 174.063925 1.036568 
0.149556 73.031909 174.100463 1.036821 
0.149485 73.032370 174.134672 1.036839 
